3764
0	104	0
0	844	0
0	501	0
0	236	0
0	141	0
679	756	142
2591	2771	220
4160	4257	401
13114	13285	499
23602	23759	671
25307	25782	829
0	53	0
245	322	54
2157	2337	132
3726	3823	313
12680	12851	411
23168	23325	583
24873	24942	741
0	675	0
10992	11149	676
12697	12860	834
0	41	0
74134	74255	42
76981	77270	164
0	678	0
1458	1969	679
0	41	0
369	1365	42
2070	2119	1039
0	365	0
0	165	0
18628	18716	166
25793	26365	255
39814	39963	828
40230	40373	978
41389	41541	1122
42659	42799	1275
43529	47225	1416
0	57	0
18520	18608	58
39706	39855	147
40122	40265	297
41281	41433	441
42551	42691	594
43421	44958	735
0	292	0
18432	18520	293
25597	26169	382
39618	39767	955
40034	40177	1105
41193	41345	1249
42463	42603	1402
43333	47028	1543
0	269	0
39595	39744	270
40011	40154	420
42440	42553	564
0	264	0
18404	18492	265
25569	25781	354
0	118	0
25423	25995	119
39444	39593	692
39860	40003	842
42289	42429	986
43159	45495	1127
0	95	0
14994	15083	96
35469	35782	186
0	261	0
991	1531	262
0	206	0
0	295	0
685	773	296
910	943	385
0	305	0
76372	76429	306
94083	94305	364
0	219	0
76286	76343	220
93997	94058	278
99087	99274	340
0	1018	0
0	158	0
0	86	0
183	1000	87
0	926	0
0	1063	0
0	1549	0
0	1645	0
0	416	0
0	223	0
63489	63823	224
0	105	0
0	1163	0
0	368	0
3649	3861	369
0	136	0
3417	3590	137
5299	5560	311
0	379	0
31680	31785	380
32444	32502	486
56663	57233	545
97989	100481	1116
104118	105218	3609
0	309	0
30603	30771	310
31610	31715	479
32374	32432	585
56593	57163	644
97919	100411	1215
104048	105163	3708
0	215	0
2298	2368	216
31516	31557	287
0	205	0
2288	2358	206
32270	32328	277
56489	56688	336
0	190	0
0	1371	0
42127	45349	1372
0	1369	0
42125	44617	1370
48254	48610	3863
0	1369	0
42125	44617	1370
444967	445165	3863
525685	525708	4062
681182	686134	4086
0	854	0
0	1219	0
0	1286	0
0	175	0
0	437	0
0	1236	0
0	463	0
0	308	0
849	994	309
1108	1164	455
0	145	0
258	348	146
1677	1988	237
0	132	0
394	531	133
1133	1210	271
1339	1450	349
1552	1697	461
1804	1885	607
2580	2669	689
0	531	0
1133	1210	532
1339	1450	610
1552	1697	722
1804	1885	868
2580	2790	950
0	485	0
1087	1164	486
1293	1404	564
1506	1651	676
1747	1839	822
2534	2743	915
0	485	0
1087	1164	486
1293	1839	564
1967	2750	1111
0	297	0
404	485	298
1180	1381	380
0	2125	0
5677	5762	2126
7567	7686	2212
0	59	0
3611	3769	60
5269	5414	219
5501	5602	365
0	96	0
1596	1741	97
1828	1929	243
0	476	0
1083	1160	477
1289	1399	555
1499	1641	666
1749	1837	809
2536	2682	898
0	82	0
189	333	83
423	486	228
0	32	0
642	1117	33
0	329	0
1381	1458	330
1654	1769	408
1856	1878	524
0	101	0
188	327	102
1790	1877	242
0	177	0
10693	10842	178
12843	12942	328
13750	13860	428
14258	14368	539
14479	14560	650
14970	15271	732
0	218	0
1465	1607	219
4109	4194	362
0	244	0
3669	3828	245
10692	10800	405
13157	13294	514
20876	21133	652
0	679	0
1903	2100	680
2221	2299	878
5130	5286	957
5979	6127	1114
13521	13607	1263
16084	17901	1350
0	201	0
3539	3643	202
0	36	0
978	1139	37
3447	3521	199
4210	4686	274
6604	6717	751
8193	8438	865
0	36	0
978	1139	37
3447	3521	199
4210	4686	274
6604	6717	751
7691	7946	865
8193	8438	1121
0	249	0
2068	2280	250
3756	4001	463
0	176	0
2040	2244	177
2722	2857	382
0	189	0
1782	1986	190
2464	2599	395
0	95	0
3609	3781	96
0	466	0
0	218	0
0	191	0
0	545	0
0	160	0
2119	2544	161
2814	2858	587
4088	4135	632
6637	6702	680
8054	8109	746
0	5	0
1964	2389	6
2659	2703	432
2795	2836	477
3933	3980	519
6482	6535	567
0	95	0
394	619	96
0	296	0
1402	1486	297
67527	67557	382
85118	85212	413
110763	110851	508
114349	114456	597
132294	132439	705
153211	153463	851
159510	159642	1104
160034	160175	1237
160874	160937	1379
161047	161144	1443
163874	163934	1541
170046	170167	1602
175212	175286	1724
175604	175731	1799
176581	176746	1927
179403	179504	2093
180786	180997	2195
0	296	0
1402	1486	297
85118	85212	382
110763	110851	477
114349	114456	566
132294	132439	674
153211	153463	820
159510	159642	1073
160034	160175	1206
160874	160937	1348
161047	161144	1412
163874	163934	1510
170046	170167	1571
175212	175286	1693
175604	175731	1768
176581	176746	1896
179403	179504	2062
180786	180997	2164
0	296	0
1402	1486	297
67527	67557	382
110763	110851	413
114349	114456	502
132294	132439	610
153211	153463	756
159510	159642	1009
160034	160175	1142
160874	160937	1284
161047	161144	1348
163874	163934	1446
170046	170167	1507
175212	175286	1629
175604	175731	1704
176581	176746	1832
179403	179504	1998
180786	180997	2100
0	2109	0
0	94	0
5660	5769	95
0	506	0
29965	30133	507
51934	52197	676
67143	67262	940
82163	82258	1060
93384	93461	1156
97771	97917	1234
101740	107576	1381
0	165	0
29624	29792	166
51593	51856	335
66802	66921	599
81822	81917	719
93043	93120	815
97430	97555	893
0	298	0
0	102	0
1960	2336	103
0	78	0
8085	8204	79
23105	23193	199
0	111	0
0	107	0
0	104	0
0	384	0
0	299	0
707	795	300
885	995	389
3623	3728	500
4168	4281	606
0	311	0
1368	1433	312
1629	1721	378
1821	1965	471
2084	2129	616
0	64	0
158	303	65
402	512	211
644	717	322
1338	1809	396
0	326	0
1649	1766	327
1853	2022	445
2121	2167	615
0	130	0
1830	1890	131
0	112	0
8871	9073	113
16472	16855	316
36378	36486	700
63536	63722	809
0	432	0
33926	34112	433
34239	34433	620
62900	63009	815
66559	66666	925
0	155	0
4937	5759	156
0	396	0
696	969	397
0	1190	0
0	522	0
1578	1767	523
0	668	0
0	18	0
697	802	19
3638	3707	125
4574	4643	195
0	819	0
0	1222	0
1706	1827	1223
0	108	0
2103	2105	109
4518	4695	112
6555	6670	290
6996	7032	406
15096	15208	443
16078	16184	556
16264	16357	663
16772	17073	757
0	316	0
726	813	317
885	995	405
1866	1980	516
6831	6980	631
12105	12207	781
12632	12739	884
0	137	0
1503	1612	138
1699	1844	248
1963	2011	394
0	1212	0
0	423	0
0	1118	0
0	367	0
0	469	0
0	417	0
763	1017	418
0	1109	0
0	384	0
0	112	0
5838	6033	113
6385	6548	309
0	62	0
351	508	63
0	87	0
631	811	88
0	96	0
578	893	97
5690	5992	413
11551	11634	716
34036	34072	800
0	55	0
167	310	56
398	536	200
1788	2073	339
0	108	0
870	973	109
3659	3836	213
5722	5874	391
7869	7980	544
8860	8970	656
9052	9140	767
9547	9849	856
0	112	0
1998	2150	113
4145	4207	266
0	385	0
0	143	0
236	280	144
1976	2344	189
0	136	0
461	635	137
4079	4194	312
5863	5936	428
7082	7173	502
9206	9394	594
0	1617	0
0	91	0
1908	2109	92
0	123	0
559	1443	124
3963	4086	1009
9463	9652	1133
11765	11971	1323
14768	14982	1530
0	332	0
0	301	0
886	996	302
1495	1605	413
2043	2152	524
2580	2690	634
3646	3760	745
5809	5961	860
7862	8039	1013
11055	11158	1191
11631	11739	1295
0	248	0
0	176	0
4871	4952	177
0	549	0
1157	1234	550
1363	1474	628
1576	1721	740
1828	1909	886
2604	2814	968
0	86	0
366	503	87
1111	1188	225
1317	1428	303
1530	1675	415
1782	1883	561
0	503	0
1111	1188	504
1317	1428	582
1530	1675	694
1771	1863	840
2558	2767	933
0	503	0
1111	1188	504
1317	1863	582
1991	2774	1129
0	297	0
393	485	298
1180	1381	391
0	2128	0
5679	5764	2129
7570	7679	2215
7876	7890	2325
0	60	0
3611	3769	61
5270	5415	220
5502	5603	366
0	148	0
235	344	149
1668	1968	259
0	531	0
1139	1216	532
1345	1456	610
1558	1703	722
1810	1891	868
2586	2796	950
0	86	0
348	485	87
1093	1170	225
1299	1410	303
1512	1531	415
0	485	0
1093	1170	486
1299	1410	564
1512	1657	676
1753	1845	822
2540	2749	915
0	485	0
1093	1170	486
1299	1845	564
1973	2756	1111
0	297	0
404	485	298
1180	1381	380
0	2113	0
5663	5748	2114
7558	7667	2200
7864	7878	2310
0	59	0
3609	3767	60
5272	5417	219
5504	5605	365
0	41	0
160	305	42
392	501	188
698	762	298
916	961	363
1174	1205	409
1391	1423	441
1832	2123	474
0	484	0
1092	1169	485
1298	1409	563
1511	1656	675
1763	1844	821
2539	2749	903
0	2128	0
5684	5769	2129
7585	7694	2215
7891	7905	2325
0	59	0
3615	3773	60
5284	5429	219
5516	5617	365
0	41	0
160	305	42
392	501	188
698	762	298
916	961	363
1174	1205	409
1391	1423	441
1832	2123	474
0	531	0
1139	1216	532
1345	1456	610
1558	1703	722
1810	1891	868
2586	2796	950
0	86	0
348	485	87
1093	1170	225
1299	1409	303
0	485	0
1093	1170	486
1299	1410	564
1512	1657	676
1753	1845	822
2540	2749	915
0	485	0
1093	1170	486
1299	1845	564
1973	2756	1111
0	297	0
393	485	298
1180	1381	391
0	189	0
3745	3830	190
5631	5744	276
0	59	0
3615	3773	60
5269	5414	219
5501	5602	365
0	41	0
160	305	42
392	464	188
466	501	261
698	762	297
916	961	362
1173	1204	408
1390	1422	440
1831	2122	473
0	531	0
1139	1216	532
1345	1456	610
1558	1703	722
1810	1891	868
2584	2793	950
0	531	0
1139	1216	532
1345	1456	610
1558	1703	722
1799	1891	868
2584	2793	961
0	59	0
3611	3769	60
5268	5413	219
5500	5601	365
0	145	0
232	341	146
533	597	256
779	830	321
1684	1918	373
0	503	0
1111	1188	504
1317	1428	582
1530	1675	694
1782	1863	840
2558	2580	922
0	2113	0
5664	5749	2114
7553	7662	2200
7858	7872	2310
0	59	0
3610	3768	60
5267	5412	219
5499	5600	365
0	89	0
208	353	90
440	549	236
745	821	346
1873	2166	423
0	218	0
237	502	219
1110	1187	485
1316	1427	563
1529	1674	675
1781	1862	821
2557	2579	903
0	2126	0
5677	5762	2127
7568	7677	2213
7874	7888	2323
0	59	0
3610	3768	60
5269	5414	219
5501	5602	365
0	41	0
160	305	42
392	501	188
698	827	298
894	920	428
1403	1422	455
1822	2122	475
0	531	0
1139	1216	532
1345	1456	610
1558	1703	722
1810	1891	868
2586	2796	950
0	485	0
1093	1170	486
1299	1410	564
1512	1657	676
1753	1845	822
2540	2749	915
0	485	0
1093	1170	486
1299	1845	564
1973	2756	1111
0	297	0
404	485	298
1180	1381	380
0	89	0
208	353	90
440	549	236
746	807	346
1875	2230	408
0	472	0
1080	1157	473
1286	1397	551
1499	1643	663
1739	1831	808
2552	2573	901
0	300	0
713	796	301
882	992	385
1850	1963	496
4519	4665	610
6582	6756	757
10056	10159	932
10597	10705	1036
0	362	0
1387	1473	363
1679	1791	450
1878	2018	563
2129	2169	704
0	467	0
0	172	0
3694	3781	173
0	135	0
613	817	136
2410	2599	341
0	135	0
613	817	136
2681	2857	341
0	245	0
1721	1933	246
3752	4001	459
0	245	0
492	747	246
1721	1834	502
3752	4228	616
4917	4991	1093
7299	7460	1168
8402	8438	1330
0	245	0
1721	1834	246
3752	4228	360
4917	4991	837
7299	7460	912
8402	8438	1074
0	104	0
3442	3643	105
0	1817	0
4294	4380	1818
11765	11913	1905
12606	12762	2054
15593	15671	2211
15792	15989	2290
17213	17892	2488
0	257	0
7839	7976	258
10333	10441	396
17305	17464	505
20889	21133	665
0	154	0
3621	3732	155
8158	8232	267
8918	8956	342
12047	12092	381
0	85	0
2587	2729	86
3980	4198	229
0	301	0
717	792	302
903	1013	378
1411	1521	489
2329	2428	600
4429	4578	700
15101	15278	850
0	240	0
0	475	0
1085	1117	476
0	19	0
709	793	20
903	1045	105
1145	1255	248
1384	1461	359
2068	2544	437
0	56	0
170	315	57
856	1164	203
0	108	0
570	645	109
5887	5999	185
6866	6976	298
7057	7145	409
7559	7870	498
0	300	0
706	794	301
881	991	390
1868	1982	501
4021	4172	616
7900	8077	768
11066	11166	946
11599	11698	1047
0	357	0
1704	1772	358
1868	2013	427
2124	2180	573
0	55	0
747	832	56
0	22	0
714	795	23
902	1047	105
1145	1256	251
1385	1462	363
2070	2564	441
0	278	0
0	105	0
1140	1560	106
0	118	0
0	405	0
0	118	0
0	526	0
0	1135	0
0	354	0
0	1921	0
0	1847	0
0	151	0
0	221	0
0	585	0
0	198	0
0	207	0
0	168	0
0	242	0
0	212	0
1024	1182	213
1796	2020	372
2710	2830	597
3196	3265	718
4679	5155	788
0	203	0
0	510	0
0	1263	0
0	1266	0
0	1266	0
0	1266	0
0	168	0
560	2066	169
0	215	0
4389	4525	216
5413	5521	353
9306	9455	462
10298	10404	612
28288	28463	719
41049	41176	895
42291	42433	1023
44938	45108	1166
0	40	0
172	1377	41
0	85	0
4849	4929	86
6082	6168	167
0	146	0
0	393	0
0	330	0
453	510	331
0	1475	0
0	1233	0
0	191	0
10874	15831	192
21704	22647	5150
28273	30178	6094
0	125	0
461	705	126
0	197	0
1660	1786	198
5561	5712	325
0	291	0
0	1212	0
0	162	0
1363	1482	163
7323	7674	283
0	138	0
2059	2418	139
0	42	0
8129	8278	43
11844	11965	193
13101	13222	315
28240	28373	437
29045	29207	571
30213	30334	734
32874	33232	856
0	355	0
52380	52521	356
65900	66040	498
0	141	0
15491	15628	142
23607	23748	280
24004	24120	422
34701	35105	539
0	339	0
4545	4686	340
18065	18205	482
0	377	0
673	814	378
1070	1186	520
14193	14249	637
0	141	0
13520	13526	142
0	116	0
3219	3254	117
16099	16149	153
19656	19713	204
28397	28459	262
44685	44708	325
48388	48423	349
67263	67323	385
0	128	0
3287	5441	129
7011	7110	2284
0	140	0
643	750	141
1047	1182	249
13747	13891	385
15302	15419	530
0	372	0
2306	2352	373
24179	24272	420
27992	28107	514
0	372	0
2306	2352	373
24179	24272	420
25130	29899	514
0	169	0
2103	2149	170
23976	24069	217
25148	25718	311
0	824	0
7403	7462	825
8157	8312	885
19358	19506	1041
20877	20956	1190
23882	23994	1270
25344	25562	1383
34381	34496	1602
34767	35018	1718
35180	35318	1970
36926	37078	2109
38294	38398	2262
55961	56167	2367
57275	57411	2574
59253	59386	2711
69837	69924	2845
72352	72694	2933
74240	74335	3276
75418	75629	3372
76788	77028	3584
77375	77524	3825
78295	78415	3975
84972	85102	4096
85291	85569	4227
89176	89301	4506
90268	90393	4632
91801	91970	4758
108948	109056	4928
109441	109587	5037
110404	110550	5184
111599	111821	5331
114893	115113	5554
117189	117379	5775
132457	132630	5966
136680	136821	6140
138633	139383	6282
139779	139902	7033
141009	141234	7157
141833	141962	7383
145102	145287	7513
145702	145922	7699
146008	146096	7920
155109	155265	8009
155402	155614	8166
156335	156430	8379
158048	159608	8475
0	15	0
7348	7503	16
18549	19163	172
0	107	0
11153	11301	108
12672	12751	257
15677	15789	337
17139	17357	450
26176	26291	669
26562	26813	785
26975	27113	1037
28721	28873	1176
30089	30193	1329
47756	47962	1434
49070	49206	1641
51048	51181	1778
61632	61719	1912
64147	64489	2000
66035	66130	2343
67213	67424	2439
68583	68823	2651
69170	69319	2892
70090	70210	3042
76767	76897	3163
77086	77364	3294
80971	81096	3573
82063	82188	3699
83596	83765	3825
100743	100851	3995
101236	101382	4104
102199	102345	4251
103394	103616	4398
106688	106908	4621
108984	109174	4842
124252	124425	5033
128475	128616	5207
130428	131178	5349
131574	131697	6100
132789	133029	6224
133628	133757	6465
136897	137082	6595
137497	137717	6781
137803	137891	7002
146904	147060	7091
147197	147409	7248
148130	148225	7461
149843	151403	7557
0	743	0
1089	1857	744
0	108	0
9295	9451	109
9588	9800	266
10521	10616	479
12234	12567	575
0	848	0
2466	4026	849
0	306	0
827	873	307
3429	3486	354
5252	5299	412
7731	7860	460
8619	8774	590
8855	8954	746
9610	9745	846
10456	10541	982
10776	10874	1068
10959	11119	1167
11522	11666	1328
11775	11919	1473
12153	12334	1618
12409	12526	1800
12799	12952	1918
13295	13434	2072
13935	14431	2212
0	296	0
740	863	297
3419	3476	421
5242	5289	479
7721	7850	527
8609	8764	657
8845	8944	813
9600	9735	913
0	150	0
2706	2763	151
4529	4576	209
7008	7137	257
7896	8051	387
8132	8231	543
8887	9022	643
9733	9818	779
10053	10151	865
10236	10396	964
10799	10943	1125
11052	11196	1270
11430	11611	1415
11686	11803	1597
12076	12229	1715
12572	12711	1869
13212	15647	2009
0	132	0
2688	2745	133
4511	4847	191
0	77	0
1799	1856	78
3622	3669	136
6101	6230	184
6989	7144	314
7225	7324	470
7980	8115	570
8826	8911	706
0	422	0
1078	1161	423
0	99	0
755	890	100
1601	1936	236
0	54	0
710	845	55
1556	1641	191
1876	2219	277
0	278	0
387	531	279
765	857	424
0	162	0
5037	5121	163
15455	15498	248
15724	15758	292
15860	15907	327
16123	16142	375
17510	17613	395
17935	18017	499
0	554	0
10785	12015	555
0	93	0
6025	6185	94
6905	8283	255
0	196	0
1621	2276	197
0	555	0
0	1503	0
2638	2808	1504
11899	12025	1675
49328	49469	1802
50578	50765	1944
54498	54612	2132
57020	57168	2247
57659	57733	2396
57807	57871	2471
75176	75381	2536
76222	76327	2742
77842	77971	2848
87184	87956	2978
106407	106454	3751
106624	107019	3799
107544	107639	4195
109498	109590	4291
111388	111607	4384
112051	112149	4604
117888	118014	4703
120877	120970	4830
145480	145514	4924
148539	148593	4959
162614	162734	5014
166356	166414	5135
200638	200687	5194
221742	221850	5244
230875	230938	5353
231135	232291	5417
0	1503	0
2638	2808	1504
11899	12025	1675
49328	49469	1802
50578	50765	1944
54498	54612	2132
57020	57168	2247
57659	57733	2396
57807	57871	2471
75176	75381	2536
76222	76327	2742
77842	77971	2848
87184	87956	2978
106624	107019	3751
107544	107639	4147
109498	109590	4243
110085	110174	4336
110709	110843	4426
111388	111607	4561
117888	118014	4781
120877	120970	4908
145480	145514	5002
148539	148593	5037
162614	162734	5092
166356	166414	5213
200638	200687	5272
221742	221850	5322
230875	230938	5431
231135	232291	5495
0	1503	0
2638	2808	1504
11899	12025	1675
49328	49469	1802
50578	50765	1944
54498	54612	2132
57020	57168	2247
57659	57733	2396
57807	57871	2471
75176	75381	2536
76222	76327	2742
77842	77971	2848
87184	87956	2978
106624	107019	3751
107544	107639	4147
109498	109590	4243
110709	110843	4336
111388	111607	4471
112051	112149	4691
117888	118014	4790
120877	120970	4917
145480	145514	5011
148539	148593	5046
162614	162734	5101
166356	166414	5222
200638	200687	5281
221742	221850	5331
230875	230938	5440
231135	232291	5504
0	1503	0
11899	12025	1504
49328	49469	1631
50578	50765	1773
54498	54612	1961
57020	57168	2076
57659	57733	2225
57807	57871	2300
75176	75381	2365
76222	76327	2571
77842	77971	2677
87184	87956	2807
106624	107019	3580
107544	107639	3976
109498	109590	4072
110709	110843	4165
111388	111607	4300
112051	112149	4520
117888	118014	4619
120877	120970	4746
145480	145514	4840
148539	148593	4875
162614	162734	4930
166356	166414	5051
200638	200687	5110
221742	221850	5160
230875	230938	5269
231135	232291	5333
0	1503	0
2638	2808	1504
11899	12025	1675
49328	49469	1802
50578	50765	1944
54498	54612	2132
57020	57168	2247
57659	57733	2396
57807	57871	2471
75176	75381	2536
76222	76327	2742
77842	77971	2848
87184	87956	2978
106624	107019	3751
107544	107639	4147
109498	109590	4243
110085	110240	4336
110709	110843	4492
111388	111607	4627
112051	112149	4847
117888	118014	4946
120877	120970	5073
145480	145514	5167
148539	148593	5202
162614	162734	5257
166356	166414	5378
200638	200687	5437
221742	221850	5487
230875	230938	5596
231135	232291	5660
0	1503	0
2638	2808	1504
11899	12025	1675
49328	49469	1802
50578	50765	1944
54498	54612	2132
57020	57168	2247
57659	57733	2396
57807	57871	2471
75176	75381	2536
76222	76327	2742
77842	77971	2848
87184	87956	2978
106624	107019	3751
107544	107639	4147
109498	109590	4243
110085	110240	4336
111388	111607	4492
112051	112149	4712
117888	118014	4811
120877	120970	4938
145480	145514	5032
148539	148593	5067
162614	162734	5122
166356	166414	5243
200638	200687	5302
221742	221850	5352
230875	230938	5461
231135	232291	5525
0	1503	0
2638	2808	1504
11899	12025	1675
49328	49469	1802
50578	50765	1944
54498	54612	2132
57020	57168	2247
57659	57733	2396
57807	57871	2471
75176	75381	2536
76222	76327	2742
77842	77971	2848
87184	87956	2978
106624	107019	3751
107544	107639	4147
109498	109590	4243
111388	111607	4336
112051	112149	4556
117888	118014	4655
120877	120970	4782
162614	162734	4876
166356	166414	4997
230875	230938	5056
231135	232291	5120
0	1503	0
2638	2808	1504
11899	12025	1675
49328	49469	1802
50578	50765	1944
54498	54612	2132
57020	57168	2247
57807	57871	2396
75176	75381	2461
76222	76327	2667
77842	77971	2773
87184	87956	2903
106624	107019	3676
107544	107639	4072
109498	109590	4168
110709	110843	4261
111388	111607	4396
112051	112149	4616
117888	118014	4715
120877	120970	4842
145480	145514	4936
148539	148593	4971
162614	162734	5026
166356	166414	5147
200638	200687	5206
221742	221850	5256
230875	230938	5365
231135	232291	5429
0	1503	0
2638	2808	1504
11899	12025	1675
49328	49469	1802
50578	50765	1944
54498	54612	2132
57020	57168	2247
57659	57733	2396
57807	57871	2471
75176	75381	2536
76222	76327	2742
77842	77971	2848
87184	87956	2978
106624	107019	3751
107544	107639	4147
109498	109590	4243
111388	111607	4336
112051	112149	4556
117888	118014	4655
120877	120970	4782
145480	145514	4876
148539	148593	4911
162614	162734	4966
166356	166414	5087
200638	200687	5146
221742	221850	5196
230875	230938	5305
231135	232294	5369
0	26	0
10422	10548	27
47851	47992	154
49101	49288	296
53021	53135	484
55543	55691	599
56182	56256	748
56330	56394	823
73699	73904	888
74745	74850	1094
76365	76494	1200
85707	86479	1330
105519	105542	2103
106067	106162	2127
108021	108113	2223
109232	109366	2316
109911	110130	2451
110574	110672	2671
116411	116537	2770
119400	119493	2897
144003	144037	2991
147062	147116	3026
161137	161257	3081
164879	164937	3202
199161	199210	3261
220265	220373	3311
229398	229461	3420
229658	229809	3484
0	740	0
0	407	0
1516	1703	408
5436	5550	596
7958	8106	711
8597	8671	860
8745	8809	935
26114	26319	1000
27160	27265	1206
28780	28909	1312
38122	38894	1442
57562	57957	2215
58482	58577	2611
60436	60528	2707
62326	62545	2800
62989	63087	3020
68826	68952	3119
71815	71908	3246
96418	96452	3340
99477	99531	3375
113552	113672	3430
117294	117352	3551
151576	151625	3610
172680	172788	3660
181813	181876	3769
182073	183229	3833
0	334	0
521	726	335
1567	1672	541
3187	3316	647
12529	13301	777
31969	32364	1550
32889	32984	1946
34843	34935	2042
36733	36952	2135
37396	37494	2355
43233	43359	2454
46222	46315	2581
70825	70859	2675
73884	73938	2710
87959	88079	2765
91701	91759	2886
125983	126032	2945
147087	147195	2995
156220	156283	3104
156480	157636	3168
0	40	0
5779	5905	41
8768	8861	168
36430	36484	262
50505	50625	317
54247	54305	438
88529	88578	497
109633	109741	547
118766	118829	656
119026	119052	720
0	741	0
3766	3820	742
17841	17961	797
21583	21641	918
55865	55914	977
76969	77077	1027
86102	86352	1136
0	670	0
14691	14811	671
18433	18491	792
52715	52764	851
73819	73927	901
82952	83015	1010
83212	83676	1074
0	275	0
472	881	276
0	868	0
1658	2457	869
0	349	0
39263	39310	350
106846	107068	398
117411	117594	621
120026	120142	805
135602	135807	922
151218	151312	1128
154025	154195	1223
155170	155390	1394
156516	156657	1615
164110	164168	1757
0	212	0
1301	1366	213
2847	2996	279
39126	39173	429
102651	102784	477
106724	106801	611
0	61	0
1542	1691	62
37821	37868	212
105419	105548	260
106570	106723	390
115969	116030	544
118535	118608	606
0	374	0
567	741	375
0	174	0
367	741	175
0	94	0
231	374	95
5460	5525	239
0	399	0
1138	1277	400
0	368	0
99436	100018	369
196886	196945	952
200544	200696	1012
301615	301800	1165
307157	307946	1351
317840	323066	2141
0	303	0
99371	99859	304
0	189	0
196707	196766	190
200365	200517	250
301436	301621	403
306978	307767	589
317661	322898	1379
0	152	0
98275	98845	153
199371	199523	724
300442	300627	877
305984	306773	1063
316667	319980	1853
0	152	0
98275	98845	153
195713	195772	724
199371	199523	784
224873	224983	937
300442	300627	1048
305984	306773	1234
316667	319980	2024
0	152	0
98275	98845	153
195713	195772	724
199371	199523	784
224873	224983	937
227935	228056	1048
300442	300627	1170
305984	306773	1356
316667	319980	2146
0	317	0
98042	98253	318
0	179	0
97480	97839	180
0	362	0
97435	98017	363
198543	198695	946
299614	299799	1099
305156	305945	1285
315839	319073	2075
0	410	0
97278	97337	411
100936	101088	471
111271	111368	624
0	1262	0
0	345	0
4980	5067	346
7634	7702	434
10363	10391	503
0	170	0
0	203	0
0	75	0
915	969	76
0	204	0
32931	33180	205
107373	107412	455
0	142	0
2395	2725	143
4381	4799	474
19556	19712	893
46015	46115	1050
0	131	0
0	106	0
0	106	0
0	826	0
0	335	0
0	157	0
753	802	158
12140	12268	208
12516	12609	337
13203	13373	431
13483	13576	602
13851	14060	696
0	208	0
254	516	209
647	725	472
1051	1145	551
1514	1630	646
2087	2213	763
0	1048	0
1561	1651	1049
1732	1840	1140
2146	2202	1249
0	1154	0
1242	1326	1155
2976	3210	1240
23903	24020	1475
26516	26954	1593
0	112	0
0	115	0
0	89	0
0	123	0
201	280	124
758	856	204
1546	1637	303
1888	1960	395
2605	2729	468
2833	2986	593
3064	3179	747
3362	3502	863
4388	4573	1004
0	472	0
848	889	473
0	210	0
2031	2217	211
0	1579	0
0	328	0
0	271	0
12388	12503	272
15012	15068	388
0	1124	0
0	1580	0
0	764	0
7950	8284	765
0	125	0
700	791	126
2417	2605	218
0	95	0
476	646	96
847	875	267
1028	1169	296
0	159	0
0	85	0
527	668	86
2621	2713	228
0	99	0
1320	1520	100
3715	3782	301
3868	3898	369
5421	5557	400
5882	6028	537
9118	9223	684
10527	10646	790
12484	12557	910
13662	13753	984
15374	15522	1076
0	327	0
0	419	0
425	452	420
888	2808	448
0	1960	0
0	1199	0
1544	1609	1200
0	220	0
1843	2051	221
0	124	0
2255	2339	125
4324	4524	210
6325	6545	411
8710	8931	632
0	164	0
473	1911	165
0	220	0
2388	2606	221
4407	4596	440
6594	6678	630
8819	8911	715
0	208	0
1831	2051	209
0	65	0
397	1609	66
0	1953	0
0	1920	0
2356	2383	1921
2389	2808	1949
0	327	0
0	149	0
1769	1859	150
4875	4994	241
6298	6403	361
9493	9639	467
9964	10100	614
11624	11654	751
11740	11807	782
14002	14202	850
15424	15521	1051
0	92	0
2042	2188	93
2633	2788	240
0	137	0
293	321	138
534	692	167
1073	1168	326
0	159	0
0	188	0
1814	1905	189
2479	2604	281
0	334	0
7519	8276	335
0	1580	0
0	1124	0
0	103	0
2612	2727	104
14847	15118	220
0	328	0
0	1579	0
0	41	0
416	888	42
0	171	0
1068	1507	172
1585	1730	612
1860	1967	758
2612	2683	866
2934	2987	938
3714	3812	992
4293	4376	1091
4456	4583	1175
0	437	0
2938	3055	438
23747	23981	556
25631	25715	791
25803	26957	876
0	89	0
0	115	0
0	112	0
0	56	0
362	470	57
551	660	166
1154	2177	276
0	126	0
583	699	127
1068	1162	244
1488	1607	339
1697	1961	459
2005	2213	724
0	209	0
484	577	210
687	857	304
1451	1544	475
1792	1920	569
13250	13299	698
13895	14052	748
0	138	0
413	506	139
616	786	233
1380	1473	404
1721	1849	498
13179	13228	627
13824	13981	677
0	328	0
0	113	0
1743	1833	114
2939	3008	205
4795	4913	275
7082	7187	394
10298	10465	500
10762	10898	668
15116	15146	805
15234	15301	836
17520	17720	904
18914	18987	1105
0	133	0
5107	5263	134
5666	5841	291
6218	6313	467
0	161	0
0	190	0
2095	2187	191
2266	2390	284
3160	3380	409
0	77	0
8880	9311	78
37900	38097	510
38748	38856	708
55293	55958	817
0	491	0
0	265	0
0	330	0
0	129	0
1866	2612	130
3024	3148	877
0	629	0
1108	1921	630
0	609	0
41845	42272	610
0	609	0
3423	3532	610
4092	4178	720
5226	5380	807
35982	36067	962
41845	42272	1048
0	580	0
3394	3503	581
4063	4745	691
0	143	0
0	1142	0
6206	6342	1143
6925	7038	1280
7400	7506	1394
0	1142	0
6206	6342	1143
6925	7038	1280
7400	7500	1394
9174	9315	1495
0	293	0
591	657	294
1847	1997	361
5349	5485	512
6543	6643	649
17157	17268	750
17644	18270	862
20318	20429	1489
20964	21093	1601
21961	22096	1731
23685	23758	1867
25395	25522	1941
27275	27381	2069
40003	40174	2176
44957	45093	2348
46910	47014	2485
0	608	0
0	85	0
526	670	86
0	11	0
184	282	12
1337	1539	111
4409	4476	314
4565	4595	382
17290	17394	413
19211	19347	518
24130	24301	655
36925	37031	827
38785	38883	934
40548	40621	1033
42210	42345	1107
43213	43342	1243
43877	43988	1373
46036	46663	1485
47038	47149	2113
57664	57764	2225
58822	58958	2326
62310	62460	2463
63650	63716	2614
64014	64056	2681
0	141	0
1815	1915	142
2277	2390	243
2973	3109	357
8173	9315	494
0	427	0
41666	42275	428
0	427	0
6205	6290	428
36891	37045	514
38093	38179	669
38743	38852	756
41666	42275	866
0	143	0
0	698	0
1262	1371	699
4185	4765	809
0	813	0
1292	1921	814
0	665	0
17103	17211	666
17862	18059	775
46647	47078	973
55877	55954	1405
0	124	0
537	1282	125
3020	3148	871
0	330	0
0	342	0
0	491	0
0	220	0
990	1113	221
1192	1285	345
3192	3380	439
0	95	0
472	646	96
888	916	271
1049	1205	300
6180	6311	457
0	161	0
0	71	0
1265	1465	72
3685	3749	273
3837	3866	338
8085	8221	368
8570	8685	505
11796	11902	621
14071	14188	728
15970	16037	846
17150	17249	914
18876	19016	1014
0	170	0
0	333	0
4567	5727	334
0	331	0
4565	4702	332
204542	204615	470
0	524	0
112225	112378	525
112925	112974	679
136407	136481	729
143624	143679	804
0	142	0
144346	144717	143
0	679	0
1043	1223	680
0	242	0
0	104	0
0	88	0
1665	1848	89
3164	3197	273
3744	3790	307
7275	7414	354
27226	27300	494
35547	35897	569
0	470	0
0	492	0
6567	6915	493
0	1004	0
0	1433	0
3493	3648	1434
3858	3935	1590
9675	9796	1668
11025	11943	1790
18474	18713	2709
19209	19472	2949
24738	24863	3213
47601	47722	3339
0	552	0
745	805	553
2612	2767	614
2977	3054	770
3647	3792	848
8794	8915	994
10144	11062	1116
17593	17832	2035
18328	18591	2275
23857	23982	2539
46720	46824	2665
0	279	0
2339	2494	280
2704	2781	436
9859	10122	514
10479	10802	778
17320	17665	1102
18065	18313	1448
23580	23709	1697
24106	24153	1827
25082	28299	1875
0	169	0
19897	20194	170
21057	21337	468
22214	22299	749
22770	22934	835
0	220	0
19860	20157	221
21020	22262	519
22733	23068	1762
0	100	0
19828	20125	101
22139	22230	399
22701	23041	491
0	100	0
19828	20125	101
22139	22230	399
22701	23041	491
24398	24577	832
26017	26211	1012
28633	28752	1207
30209	30283	1327
32357	32449	1402
34834	34929	1495
36415	36738	1591
0	164	0
1598	1672	165
19423	19720	240
20583	22062	538
0	122	0
19381	22018	123
0	107	0
978	1069	108
3237	3416	200
4856	5174	380
0	80	0
951	1042	81
1513	1849	173
0	41	0
912	1003	42
3311	3350	134
4790	4993	174
0	39	0
910	1001	40
4788	4991	132
0	19	0
1027	1206	20
2646	2898	200
0	364	0
949	5215	365
7289	7381	4632
9766	9861	4725
11347	13824	4821
0	1073	0
0	308	0
1195	1282	309
2382	2474	397
4859	4954	490
6440	6694	586
0	569	0
0	2665	0
0	2480	0
2576	2998	2481
3282	3881	2904
4069	4206	3504
4379	4558	3642
5010	5148	3822
5586	6395	3961
6511	6607	4771
11719	11874	4868
11958	12139	5024
12414	12608	5206
12731	12830	5401
0	930	0
1026	1225	931
1379	1448	1131
1732	2331	1201
2519	2656	1801
2829	3008	1939
3460	3598	2119
4036	4394	2258
4961	5057	2617
9937	10084	2714
10200	10324	2862
10408	10589	2987
10864	11058	3169
11181	11300	3364
15457	15619	3484
15715	15896	3647
26357	26515	3829
26631	26750	3988
27169	27327	4108
29937	30082	4267
30206	30335	4413
34113	34247	4543
35903	36073	4678
36320	36442	4849
37747	37824	4972
38970	39138	5050
39256	39508	5219
0	928	0
1024	1223	929
1377	1446	1129
1730	2329	1199
2517	2654	1799
2827	3006	1937
3458	3596	2117
4034	4392	2256
4959	5055	2615
9935	10082	2712
10198	10322	2860
10406	10587	2985
10862	11056	3167
11179	11298	3362
15455	15617	3482
15713	15894	3645
17924	18016	3827
26355	26513	3920
26629	26748	4079
27167	27325	4199
29935	30080	4358
30204	30333	4504
34111	34245	4634
35901	36071	4769
36318	36440	4940
37745	37822	5063
38968	39136	5141
39254	39522	5310
0	925	0
1021	1220	926
1374	1443	1126
1727	2326	1196
2514	2651	1796
2824	3003	1934
3455	3593	2114
4031	4389	2253
4956	5052	2612
9932	10079	2709
10195	10319	2857
10403	10584	2982
10859	11053	3164
11176	11295	3359
15452	15614	3479
15710	15891	3642
26352	26510	3824
26626	26745	3983
27164	27322	4103
29932	30077	4262
30201	30330	4408
34108	34242	4538
36315	36437	4673
37742	37819	4796
38965	39133	4874
39251	39341	5043
0	920	0
1016	1438	921
1722	2321	1344
2509	2646	1944
2819	2998	2082
3450	3588	2262
4026	4384	2401
4951	5047	2760
9927	10074	2857
10190	10314	3005
10398	10686	3130
10854	11048	3419
11171	11290	3614
15447	15609	3734
15705	17042	3897
0	282	0
378	577	283
731	800	483
1084	1683	553
1871	2008	1153
2181	2360	1291
2812	2950	1471
3388	3746	1610
4313	4409	1969
9289	9436	2066
9552	9676	2214
9760	9941	2339
10216	10410	2521
10533	10652	2716
14809	14971	2836
15067	15248	2999
25709	25867	3181
25983	26102	3340
26521	26679	3460
29289	29434	3619
29558	29687	3765
33465	33599	3895
35255	35425	4030
37099	37176	4201
38322	38490	4279
38608	38860	4448
0	564	0
752	889	565
1140	1241	703
1693	1767	805
0	560	0
676	906	561
0	603	0
687	868	604
1143	1212	786
0	39	0
10500	10658	40
10774	10893	199
11312	11470	319
14080	14225	478
14349	14478	624
20046	20216	754
20463	20585	925
21890	21967	1048
23113	23281	1126
23399	23439	1295
0	370	0
0	129	0
490	1277	130
0	514	0
4555	4643	515
10901	11019	604
0	59	0
5457	5968	60
6220	6745	572
0	154	0
760	999	155
2521	2580	395
4204	4313	455
41684	41788	565
52603	53560	670
0	202	0
11017	11153	203
0	297	0
0	162	0
3883	3966	163
6865	6968	247
8749	8799	351
12299	12380	402
13759	13850	484
16616	17429	576
0	109	0
3830	3913	110
6812	6915	194
8696	8746	298
12246	12751	349
0	93	0
3814	3897	94
6796	6899	178
12230	12311	282
13690	13781	364
16547	16836	456
0	2857	0
5623	5912	2858
0	258	0
1637	1728	259
4494	4783	351
0	243	0
2147	2277	244
2669	2816	375
3515	3578	523
3688	3786	587
6829	6896	686
13646	13719	754
14057	14181	828
15574	15646	953
0	2	0
614	691	3
3704	3884	81
5120	5217	262
12641	12812	360
23345	23502	532
24767	24868	690
0	689	0
2543	3033	690
0	454	0
0	1000	0
0	218	0
0	755	0
3980	4080	756
6310	6435	857
0	311	0
0	983	0
0	108	0
554	732	109
2910	3027	288
3339	3369	406
5366	5480	437
6348	6458	552
6540	6628	663
7052	7229	752
7506	7627	930
0	326	0
478	842	327
959	1015	692
3278	3406	749
0	300	0
709	797	301
880	990	390
1355	1465	501
2347	2461	612
5932	6035	727
6486	6594	831
0	143	0
552	640	144
723	833	233
5775	5878	344
6329	6414	448
0	225	0
0	300	0
709	797	301
890	1000	390
1887	2001	501
3994	4146	616
6371	6548	769
0	116	0
345	427	117
1460	1779	200
0	473	0
1083	1160	474
1289	1400	552
1500	1645	664
1754	1835	810
2503	2525	892
0	177	0
2091	2243	178
4254	4368	331
5324	5434	446
5876	5986	557
6421	6531	668
6965	7075	779
7453	7563	890
7651	7739	1001
8151	8449	1090
0	47	0
165	310	48
397	460	194
724	789	258
1779	2171	324
0	147	0
2009	2121	148
2596	2699	261
5719	5896	365
7812	7964	543
9975	10089	696
11045	11155	811
11597	11707	922
12142	12252	1033
13174	13284	1144
13372	13460	1255
13872	14448	1344
0	122	0
1984	2096	123
2571	2674	236
7787	7939	340
9950	10064	493
11020	11130	608
11572	11682	719
12117	12227	830
13149	13259	941
13347	13435	1052
13847	14423	1141
0	113	0
1975	2087	114
2562	2665	227
29226	29403	331
31319	31471	509
33482	33596	662
34552	34662	777
35104	35214	888
35649	35759	999
36681	36791	1110
36878	36966	1221
37378	37946	1310
0	60	0
1922	2034	61
2509	2612	174
5632	5809	278
7725	7877	456
9888	10002	609
10958	11068	724
11510	11620	835
12055	12165	946
13285	13373	1057
37325	37669	1146
0	60	0
1922	2034	61
2509	2612	174
29173	29350	278
31266	31418	456
33429	33543	609
34499	34609	724
35051	35161	835
35596	35706	946
36825	36913	1057
37325	37669	1146
0	47	0
165	310	48
397	460	194
724	789	258
1776	2172	324
0	147	0
2009	2121	148
2596	2699	261
5719	5896	365
7812	7964	543
9975	10089	696
11045	11155	811
11597	11707	922
12142	12252	1033
13174	13284	1144
13371	13459	1255
13871	14447	1344
0	122	0
1984	2096	123
2571	2674	236
7787	7939	340
9950	10064	493
11020	11130	608
11572	11682	719
12117	12227	830
13149	13259	941
13346	13434	1052
13846	14422	1141
0	49	0
421	547	50
744	803	177
1833	2218	237
0	62	0
1183	1274	63
3901	4062	155
5672	5770	317
6366	6527	416
10986	11066	578
0	332	0
0	1566	0
0	216	0
2837	3051	217
5173	5350	432
8158	8284	610
10644	11547	737
11958	12082	1641
0	189	0
1754	1977	190
3787	3872	414
0	1650	0
0	176	0
499	639	177
0	386	0
1631	1798	387
2170	2219	555
0	576	0
988	1076	577
1164	1274	666
2196	2306	777
2741	2851	888
3293	3403	999
4359	4473	1110
6484	6636	1225
11749	11852	1378
12329	12441	1482
14303	14425	1595
0	576	0
988	1076	577
1164	1274	666
2196	2306	777
2741	2851	888
3293	3403	999
4359	4473	1110
6484	6636	1225
8552	8729	1378
11749	11852	1556
12329	12441	1660
14303	14450	1773
0	344	0
756	844	345
1964	2074	434
2509	2619	545
3061	3171	656
4127	4241	767
6252	6404	882
8320	8497	1035
11517	11620	1213
12097	12209	1317
14071	14131	1430
0	384	0
1382	1466	385
1711	1789	470
1875	2006	549
2124	2165	681
0	576	0
988	1076	577
1163	1273	666
2195	2305	777
2740	2850	888
3292	3402	999
4358	4472	1110
6483	6635	1225
11748	11851	1378
12328	12440	1482
14302	14424	1595
0	576	0
988	1076	577
1163	1273	666
2195	2305	777
2740	2850	888
3292	3402	999
4358	4472	1110
6483	6635	1225
8551	8728	1378
11748	11851	1556
12328	12440	1660
14302	14449	1773
0	574	0
986	1074	575
2193	2303	664
2738	2848	775
3290	3400	886
4356	4470	997
6481	6633	1112
8549	8726	1265
11746	11849	1443
12326	12438	1547
14300	14412	1660
0	393	0
1382	1466	394
1711	1789	479
1863	2006	558
2124	2171	702
0	298	0
720	807	299
890	1000	387
1870	1984	498
3992	4144	613
6080	6257	766
8964	9067	944
9521	9629	1048
0	331	0
811	849	332
1048	1157	371
1245	1388	481
1506	1581	625
0	106	0
1619	1746	107
2283	2392	235
4110	4725	345
5099	5209	961
24550	24650	1072
31283	31434	1173
32631	32696	1325
32995	33036	1391
0	149	0
635	793	150
0	38	0
1755	1883	39
4242	4430	168
6217	6334	357
8138	8358	475
0	1014	0
0	331	0
0	825	0
10324	10439	826
13015	13135	942
23976	24062	1063
24164	24251	1150
0	825	0
1888	2002	826
10324	10439	941
13015	13135	1057
23976	24062	1178
24164	24251	1265
0	241	0
1291	1555	242
2071	2188	507
4936	5055	625
0	677	0
1193	1310	678
1855	2051	796
2172	2257	993
4058	4393	1079
5860	5949	1415
19592	19945	1505
20376	20494	1859
27673	27758	1978
28067	28289	2064
38258	38398	2287
44948	45257	2428
45592	45792	2738
0	113	0
332	469	114
1627	1865	252
0	576	0
988	1076	577
1163	1273	666
2197	2307	777
2742	2852	888
3293	3403	999
4359	4473	1110
6484	6636	1225
8552	8729	1378
11749	11852	1556
12319	12431	1660
14293	14406	1773
0	576	0
988	1076	577
1163	1273	666
2197	2307	777
2742	2852	888
3293	3403	999
4359	4473	1110
6484	6636	1225
11749	11852	1378
12319	12431	1482
14293	14415	1595
0	576	0
988	1076	577
2197	2307	666
2742	2852	777
3293	3403	888
4359	4473	999
6484	6636	1114
8552	8729	1267
11749	11852	1445
12319	12431	1549
14293	14440	1662
0	393	0
1385	1466	394
1705	1775	476
1863	2006	547
2124	2171	691
0	107	0
511	613	108
5171	5283	211
0	112	0
626	696	113
3094	3270	184
7135	7249	361
0	990	0
1508	2078	991
0	145	0
230	295	146
1635	2026	212
0	111	0
2001	2113	112
2536	2639	225
5634	7346	329
0	108	0
531	634	109
3629	3806	213
5731	5883	391
7919	8033	544
9499	9600	659
9966	10076	761
10157	10245	872
10660	10961	961
0	572	0
1117	2048	573
0	41	0
159	302	42
389	454	186
699	783	252
1772	2165	337
0	121	0
1983	2095	122
2564	2667	235
7784	7936	339
9947	10061	492
11017	11127	607
11568	11678	718
12113	12223	829
13147	13257	940
13344	13432	1051
13844	14420	1140
0	112	0
1974	2086	113
2555	2658	226
5682	5859	330
7775	7927	508
9938	10052	661
11008	11118	776
11559	11669	887
12104	12214	998
13138	13248	1109
13335	13423	1220
13835	14411	1309
0	200	0
535	844	201
7392	7532	511
17495	17717	652
18026	18111	875
25290	25408	961
25839	26192	1080
39825	39914	1434
41381	41716	1524
43517	43602	1860
43723	43919	1946
44464	44581	2143
45097	45774	2261
0	238	0
1396	1533	239
1752	1865	377
0	119	0
2867	2984	120
3500	3764	238
4814	5055	503
0	87	0
189	275	88
11116	11236	175
13812	13927	296
23415	24240	412
0	87	0
189	275	88
11116	11236	175
13812	13927	296
22241	22355	412
23415	24240	527
0	331	0
0	1014	0
0	220	0
2023	2141	221
3928	4116	340
6475	6603	529
8320	8358	658
0	158	0
644	802	159
0	93	0
392	458	94
1655	1809	161
8443	8543	316
27885	27995	417
28369	28984	528
30702	30811	1144
31346	31475	1254
32986	33092	1384
0	296	0
0	108	0
562	665	109
3374	3551	213
5487	5639	391
7647	7761	544
8631	8741	659
8824	8911	770
9336	9633	858
0	62	0
516	619	63
3328	3505	167
5441	5487	345
0	73	0
195	254	74
431	539	134
755	809	243
1842	2243	298
0	301	0
715	803	302
885	995	391
3747	3923	502
6312	6413	679
6824	6936	781
0	59	0
1026	1131	60
0	160	0
432	722	161
0	1212	0
0	160	0
27173	27248	161
29053	29160	237
35829	36829	345
0	155	0
10329	10397	156
10750	10872	225
13938	14074	348
18484	18557	485
0	30	0
306	428	31
3494	3630	154
8040	8158	291
10218	10335	410
13189	13294	528
13987	14111	634
20662	20786	759
20881	21202	884
0	6	0
282	404	7
3470	3606	130
8016	8134	267
13165	13270	386
13963	14087	492
20638	20767	617
20857	21119	747
0	77	0
2137	2254	78
5108	5213	196
5906	5924	302
0	758	0
0	250	0
559	1069	251
0	113	0
433	489	114
655	1948	171
0	299	0
641	1156	300
0	1856	0
5820	5918	1857
10492	10526	1956
11271	11342	1991
13656	13727	2063
23442	23513	2135
25819	25890	2207
28215	28286	2279
30598	30669	2351
32994	33065	2423
35385	35456	2495
37830	37901	2567
39302	39441	2639
39531	39594	2779
40031	40082	2843
40643	40734	2895
41009	41155	2987
50142	50281	3134
50371	50434	3274
50871	50922	3338
51483	51574	3390
51849	51995	3482
60990	61129	3629
61219	61282	3769
61719	61770	3833
62331	62422	3885
62697	62843	3977
69443	69739	4124
0	1849	0
5813	5911	1850
10485	10519	1949
11264	11335	1984
23435	23506	2056
25812	25883	2128
28208	28279	2200
30591	30662	2272
32987	33058	2344
35378	35449	2416
37823	37894	2488
60983	61122	2560
61212	61275	2700
61712	61763	2764
62324	62415	2816
62690	62836	2908
69436	69648	3055
0	1848	0
5812	5910	1849
8847	8918	1948
10484	10518	2020
11263	11449	2055
0	493	0
30101	30161	494
32486	32557	555
34877	34948	627
37322	37393	699
38794	38933	771
39023	39086	911
39523	39574	975
40135	40226	1027
40501	40647	1119
49634	49773	1266
49863	49926	1406
50363	50414	1470
50975	51066	1522
51341	51487	1614
60482	60621	1761
60711	60774	1901
61211	61262	1965
61823	61914	2017
62189	62335	2109
68935	69060	2256
0	501	0
4465	4563	502
9137	9171	601
9916	9987	636
12301	12372	708
22087	22158	780
26860	26931	852
31639	31710	924
34030	34101	996
36475	36546	1068
59635	59774	1140
59864	59927	1280
60364	60415	1344
60976	61067	1396
61342	61488	1488
68088	68298	1635
0	207	0
4171	4271	208
6477	6509	309
7206	7277	342
9622	9693	414
12007	12078	486
21793	21864	558
24170	24241	630
26566	26637	702
28949	29020	774
31345	31416	846
33736	33807	918
36181	36252	990
47017	47088	1062
57865	57936	1134
59341	59480	1206
59570	59633	1346
60070	60121	1410
60682	60773	1462
61048	61194	1554
67794	67983	1701
0	309	0
6910	7056	310
7331	7422	457
7983	8034	549
8471	8534	601
8624	8763	665
10164	10235	805
12607	12678	877
14998	15069	949
17394	17465	1021
22172	22243	1093
26952	27023	1165
29329	29400	1237
34107	34178	1309
36484	36555	1381
60579	60650	1453
61395	61429	1525
66004	66102	1560
70066	71922	1659
0	309	0
6910	7056	310
7331	7422	457
7983	8034	549
8471	8534	601
8624	8763	665
10164	10235	805
12607	12678	877
14998	15069	949
17394	17465	1021
19776	19847	1093
22172	22243	1165
29329	29400	1237
60579	60650	1309
61395	61429	1381
66004	66102	1416
70066	71922	1515
0	296	0
6897	7043	297
7318	7409	444
7970	8021	536
8458	8521	588
8611	8750	652
10151	10222	792
12594	12665	864
14985	15056	936
22159	22230	1008
24543	24614	1080
34094	34165	1152
36471	36542	1224
46260	46331	1296
48644	48715	1368
51029	51100	1440
53413	53484	1512
55797	55868	1584
58181	58252	1656
60566	60637	1728
61382	61416	1800
65991	66089	1835
70053	71909	1934
0	286	0
6887	7033	287
7308	7399	434
7960	8011	526
8448	8511	578
8601	8740	642
10141	10212	782
12584	12655	854
14975	15046	926
17371	17442	998
19753	19824	1070
22149	22220	1142
24533	24604	1214
26929	27000	1286
29306	29377	1358
34084	34155	1430
36461	36532	1502
60556	60627	1574
61372	61406	1646
65981	66079	1681
70043	71899	1780
0	286	0
6887	7033	287
7308	7399	434
7960	8011	526
8448	8511	578
8601	8740	642
10141	10212	782
12584	12655	854
14975	15046	926
17371	17442	998
19753	19824	1070
22149	22220	1142
29306	29377	1214
46250	46321	1286
48634	48705	1358
51019	51090	1430
53403	53474	1502
55787	55858	1574
58171	58242	1646
60556	60627	1718
61372	61406	1790
65981	66079	1825
70043	71899	1924
0	286	0
6887	7033	287
7308	7399	434
7960	8011	526
8448	8511	578
8601	8740	642
10141	10212	782
12584	12655	854
19753	19824	926
46250	46321	998
48634	48705	1070
51019	51090	1142
60556	60627	1214
61372	61406	1286
65981	66079	1321
70043	71899	1420
0	286	0
6887	7033	287
7308	7399	434
7960	8011	526
8448	8511	578
8601	8740	642
10141	10212	782
12584	12655	854
14975	15046	926
17371	17442	998
19753	19824	1070
22149	22220	1142
29306	29377	1214
36461	36532	1286
46250	46321	1358
48634	48705	1430
51019	51090	1502
53403	53474	1574
55787	55858	1646
58171	58242	1718
60556	60627	1790
61372	61406	1862
65981	66079	1897
70043	71899	1996
0	268	0
6869	7015	269
7290	7381	416
7942	7993	508
8430	8493	560
8583	8722	624
10123	10194	764
12566	12637	836
14957	15028	908
17353	17424	980
19735	19806	1052
22131	22202	1124
24515	24586	1196
26911	26982	1268
29288	29359	1340
31670	31741	1412
34066	34137	1484
36443	36514	1556
46232	46303	1628
48616	48687	1700
51001	51072	1772
53385	53456	1844
55769	55840	1916
58153	58224	1988
60538	60609	2060
61354	61388	2132
65963	66061	2167
70025	71877	2266
0	195	0
6796	6942	196
7217	7308	343
7869	7920	435
8357	8420	487
8510	8649	551
10050	10121	691
12493	12564	763
14884	14955	835
22058	22129	907
24442	24513	979
26838	26909	1051
29215	29286	1123
36370	36441	1195
46159	46230	1267
48543	48614	1339
50928	50999	1411
53312	53383	1483
55696	55767	1555
58080	58151	1627
60465	60536	1699
61281	61315	1771
65890	65988	1806
69952	70451	1905
0	89	0
9507	9710	90
11681	11870	294
11959	12071	484
13172	13213	597
0	137	0
0	70	0
9689	9815	71
0	401	0
1432	1488	402
1689	1812	459
1905	2048	583
0	298	0
723	810	299
893	1003	387
1873	1987	498
3995	4147	613
6083	6260	766
8969	9072	944
9526	9634	1048
0	46	0
1982	2159	47
4868	4971	225
5425	5487	329
0	341	0
806	844	342
1074	1148	381
1244	1383	456
1501	1576	596
0	106	0
1628	1752	107
2289	2398	232
4116	4731	342
5105	5209	958
24555	24655	1063
31290	31444	1164
32633	32714	1319
33014	33045	1401
0	158	0
644	803	159
1136	1219	319
0	38	0
1754	1883	39
4242	4430	169
6217	6332	358
8136	8356	474
0	1013	0
0	331	0
0	825	0
10317	10432	826
13019	13139	942
0	258	0
9750	9865	259
12452	12520	375
0	779	0
10551	10886	780
0	250	0
1865	2056	251
0	95	0
478	636	96
847	876	255
1026	1175	285
6308	6435	435
0	163	0
0	572	0
0	85	0
535	679	86
2634	2745	231
0	97	0
1516	1717	98
12408	12476	300
12561	12591	369
13382	13505	400
17340	17474	524
17819	17964	659
21011	21117	805
23766	23884	912
25671	25744	1031
26847	26918	1105
0	238	0
0	1569	0
0	482	0
0	219	0
1346	1605	220
0	38	0
1713	1936	39
3060	3322	263
4958	5148	526
0	104	0
2459	2593	105
4792	4895	240
0	95	0
477	664	96
1020	1173	284
6235	6366	438
0	153	0
0	227	0
3281	3649	228
0	78	0
523	654	79
3019	3130	211
0	98	0
1414	1613	99
3821	3888	299
3974	4006	367
11512	11645	400
11984	12119	534
15164	15272	670
17379	17491	779
19268	19341	892
20446	20537	966
22153	22301	1058
0	326	0
0	447	0
868	2740	448
0	2226	0
0	1215	0
1544	1609	1216
0	221	0
1824	2013	222
0	119	0
2124	2252	120
4068	4257	249
6056	6275	439
8421	8642	659
0	193	0
497	1911	194
0	137	0
2498	2582	138
3672	3765	223
8049	8107	317
14613	14661	376
15390	15485	425
0	83	0
1727	1846	84
2469	2528	204
2714	2794	264
3451	3525	345
3914	4482	420
4750	4810	989
5851	5965	1050
6175	6307	1165
0	52	0
3502	3706	53
3958	4189	258
0	594	0
0	71	0
3075	3797	72
0	3559	0
5198	5361	3560
0	161	0
7959	8108	162
9530	9614	312
0	56	0
158	304	57
388	483	204
566	658	300
748	936	393
1192	1280	582
1701	1775	671
3132	3189	746
3488	3838	804
4226	4315	1155
4957	5037	1245
5222	5281	1326
5895	6014	1386
0	83	0
166	258	84
348	536	177
792	880	366
1301	1375	455
2732	2789	530
3088	3437	588
4557	4635	938
4822	4864	1017
0	258	0
0	104	0
6057	6158	105
0	781	0
0	126	0
537	958	127
1025	2803	549
0	206	0
4381	4549	207
12588	12665	376
0	74	0
0	301	0
715	803	302
885	995	391
3732	3913	502
6302	6403	684
6814	6922	786
0	59	0
1026	1131	60
0	297	0
599	874	298
0	1242	0
0	160	0
27167	27242	161
29047	29154	237
35823	36823	345
0	155	0
10329	10397	156
10750	10872	225
13938	14074	348
18484	18557	485
0	30	0
306	428	31
3494	3630	154
8040	8158	291
10218	10335	410
13190	13295	528
13988	14112	634
20663	20787	759
20882	21203	884
0	6	0
282	404	7
3470	3606	130
8016	8134	267
13166	13271	386
13964	14088	492
20639	20768	617
20858	21120	747
0	77	0
2137	2254	78
5109	5214	196
5907	5925	302
0	726	0
0	230	0
550	1069	231
0	1278	0
0	284	0
626	1141	285
0	1856	0
5830	5928	1857
10501	10535	1956
11281	11352	1991
21068	21139	2063
25825	25896	2135
30581	30652	2207
35354	35425	2279
37744	37815	2351
40187	40258	2423
41659	41798	2495
41888	41951	2635
42388	42439	2699
43000	43091	2751
43366	43512	2843
50114	50400	2990
0	1856	0
5830	5928	1857
10501	10535	1956
11281	11352	1991
21068	21139	2063
23445	23516	2135
25825	25896	2207
28202	28273	2279
30581	30652	2351
32958	33029	2423
35354	35425	2495
37744	37815	2567
40187	40258	2639
41659	41798	2711
41888	41951	2851
42388	42439	2915
43000	43091	2967
43366	43512	3059
50114	50410	3206
0	1856	0
5830	5928	1857
10501	10535	1956
11281	11352	1991
25825	25896	2063
28202	28273	2135
30581	30652	2207
32958	33029	2279
35354	35425	2351
37744	37815	2423
40187	40258	2495
41659	41798	2567
41888	41951	2707
42388	42439	2771
43000	43091	2823
43366	43512	2915
50114	50423	3062
0	286	0
6888	7034	287
7309	7400	434
7961	8012	526
8449	8512	578
8602	8741	642
20990	21061	782
23433	23504	854
30603	30674	926
49921	49992	998
52306	52377	1070
54691	54762	1142
61845	61916	1214
62662	62696	1286
67269	67367	1321
71341	73197	1420
0	212	0
6814	6960	213
7235	7326	360
7887	7938	452
8375	8438	504
8528	8667	568
20916	20987	708
23359	23430	780
25749	25820	852
28145	28216	924
30529	30600	996
32925	32996	1068
35302	35373	1140
61771	61842	1212
62588	62622	1284
67195	67293	1319
71267	73119	1418
0	212	0
6814	6960	213
7235	7326	360
7887	7938	452
8375	8438	504
8528	8667	568
17662	17808	708
18083	18174	855
18735	18786	947
19223	19286	999
19376	19515	1063
20916	20987	1203
23359	23430	1275
25749	25820	1347
28145	28216	1419
30529	30600	1491
32925	32996	1563
35302	35373	1635
37682	37753	1707
40059	40130	1779
61771	61842	1851
62588	62622	1923
67195	67293	1958
71267	73119	2057
0	195	0
6797	6943	196
7218	7309	343
7870	7921	435
8358	8421	487
8511	8650	551
20899	20970	691
23342	23413	763
25732	25803	835
28128	28199	907
30512	30583	979
32908	32979	1051
35285	35356	1123
37665	37736	1195
40042	40113	1267
49830	49901	1339
52215	52286	1411
54600	54671	1483
56984	57055	1555
59369	59440	1627
61754	61825	1699
62571	62605	1771
67178	67276	1806
71250	71749	1905
0	189	0
6791	6937	190
7212	7303	337
7864	7915	429
8352	8415	481
8505	8644	545
20893	20964	685
23336	23407	757
25726	25797	829
28122	28193	901
30506	30577	973
32902	32973	1045
35279	35350	1117
37659	37730	1189
40036	40107	1261
49824	49895	1333
52209	52280	1405
61748	61819	1477
62565	62599	1549
67172	67270	1584
71244	71451	1683
0	2	0
6604	6750	3
7025	7116	150
7677	7728	242
8165	8228	294
8318	8457	358
17452	17598	498
17873	17964	645
18525	18576	737
19013	19076	789
19166	19305	853
20706	20777	993
23149	23220	1065
25539	25610	1137
27935	28006	1209
30319	30390	1281
32715	32786	1353
35092	35163	1425
59176	59247	1497
61561	61632	1569
62378	62412	1641
66985	67083	1676
71057	71113	1775
0	2	0
6604	6750	3
7025	7116	150
7677	7728	242
8165	8228	294
8318	8457	358
17452	17598	498
17873	17964	645
18525	18576	737
19013	19076	789
19166	19305	853
20706	20777	993
23149	23220	1065
25539	25610	1137
27935	28006	1209
30319	30390	1281
32715	32786	1353
35092	35163	1425
37472	37543	1497
39849	39920	1569
49637	49708	1641
59176	59247	1713
61561	61632	1785
62378	62412	1857
66985	67083	1892
71057	71113	1991
0	523	0
875	1141	524
0	1275	0
0	521	0
843	1069	522
0	804	0
0	321	0
416	540	322
7091	7215	447
7908	8013	572
10868	10985	678
13045	13163	796
17573	17709	915
20775	20897	1052
21173	21203	1175
0	262	0
352	481	263
7032	7156	393
7849	7954	518
12986	13104	624
17514	17650	743
20716	20838	880
21114	21120	1003
0	18	0
711	816	19
3671	3788	125
5848	5925	243
0	73	0
4483	4619	74
7685	7807	211
8160	8228	334
18402	18557	403
0	1000	0
7651	7758	1001
9563	9638	1109
36649	36809	1185
0	1242	0
0	272	0
576	717	273
0	105	0
1071	1130	106
0	112	0
523	624	113
3013	3194	215
5939	6049	397
6131	6219	508
6633	6947	597
0	74	0
0	578	0
8617	8785	579
16326	16419	748
0	144	0
149	207	145
8246	8414	204
12590	12939	373
0	2282	0
2693	2819	2283
0	902	0
0	101	0
6055	6159	102
0	119	0
733	792	120
979	1057	180
2177	2526	259
2825	2882	609
3913	3982	667
4002	4162	737
4239	4313	898
4734	4822	973
5078	5266	1062
5356	5448	1251
5531	5621	1344
5704	5859	1435
5950	6011	1591
0	258	0
0	84	0
1506	1655	85
9454	9615	235
0	163	0
1802	5361	164
0	722	0
3726	3797	723
0	225	0
470	682	226
0	378	0
0	131	0
341	464	132
1487	1557	256
1825	2394	327
2800	2856	897
3513	3593	954
3779	3838	1035
4461	4580	1095
6224	6307	1215
0	95	0
824	872	96
7378	7436	145
11720	11809	204
12903	12987	294
15348	15485	379
0	1441	0
1741	1911	1442
0	205	0
2369	2592	206
4397	4575	430
6388	6477	609
8525	8654	699
0	190	0
1793	2022	191
0	65	0
397	1609	66
0	2176	0
0	1872	0
2293	2740	1873
0	326	0
0	148	0
1763	1854	149
2960	3033	241
4810	4926	315
7033	7138	432
10184	10319	538
10659	10791	674
18269	18327	807
18413	18481	866
20690	20888	935
22189	22286	1134
0	92	0
2456	2590	93
3032	3111	228
0	362	0
3416	3649	363
0	165	0
501	694	166
1076	1170	360
0	153	0
0	103	0
2302	2436	104
4794	4898	239
0	192	0
1829	2091	193
3216	3437	456
5113	5149	678
0	266	0
1393	1610	267
0	482	0
0	1553	0
0	325	0
0	71	0
1174	1247	72
3034	3152	146
5800	5905	265
8952	9099	371
9444	9578	519
25200	25405	654
26624	26722	860
0	92	0
2047	2191	93
2640	2732	238
0	572	0
0	131	0
5274	5411	132
5555	5591	270
5806	5963	307
6346	6438	465
0	163	0
0	182	0
1800	2048	183
0	335	0
10105	10884	336
0	68	0
2655	2770	69
12262	12520	185
0	331	0
0	1013	0
0	222	0
2021	2139	223
3926	4115	342
6474	6602	532
0	158	0
644	802	159
0	70	0
1252	1415	71
8054	8150	235
27505	27601	332
27971	28590	429
30308	30420	1049
30957	31081	1162
32610	32714	1287
0	108	0
562	665	109
3374	3551	213
5487	5639	391
7647	7761	544
8631	8741	659
8824	8911	770
9336	9634	858
0	62	0
516	619	63
3328	3505	167
5441	5487	345
0	126	0
9745	9817	127
0	222	0
0	137	0
0	41	0
1142	1254	42
1343	1532	155
3503	3706	345
13125	13214	549
51023	51205	639
55006	55145	822
55802	55881	962
57723	57796	1042
59454	59598	1116
60912	61071	1261
70537	70655	1421
76365	76495	1540
0	103	0
0	50	0
348	619	51
0	130	0
4233	4347	131
4514	4687	246
9029	9125	420
10579	10720	517
0	110	0
0	53	0
6843	6896	54
7442	7495	108
17638	17697	162
24571	24621	222
26110	26271	273
32757	32876	435
34530	34629	555
34776	34838	655
35571	35635	718
48775	48839	783
49661	49735	848
49834	49922	923
56105	56165	1012
57965	58046	1073
61647	61752	1155
63670	63749	1261
67711	67801	1341
69211	69281	1432
71376	71477	1503
0	318	0
0	124	0
756	918	125
4906	4959	288
0	194	0
6040	6171	195
16862	16956	327
19303	20111	422
20443	20680	1231
26922	27044	1469
27661	27757	1592
28735	28815	1689
33092	33171	1770
33420	33586	1850
35796	35898	2017
38494	38580	2120
39672	39801	2207
0	639	0
0	244	0
