1763	100
2841627	2842163	1	1	1	1
2841973	2842163	1	2	1	1
2842242	2844075	1	0	1	1
2844257	2845644	1	1	0	1
2845743	2854598	1	2	0	1
2854771	2865086	1	2	1	1
2854771	2928862	1	2	1	1
2865245	2866791	1	0	1	1
2882361	2883139	2	0	0	2
2928985	2931709	1	2	2	1
2929042	2929368	0	0	0	2
2930366	2931069	0	0	0	2
2935446	2953907	1	1	1	1
2935769	2953907	1	2	1	1
2935769	2961072	1	2	1	1
2935769	2975093	1	2	0	1
2953997	2961072	1	2	1	1
2953997	2975093	1	2	0	1
2961646	2975093	1	0	0	1
2966939	2981836	2	1	3	2
2975244	2975509	1	3	2	1
2975654	2976668	1	0	0	1
2975654	2977938	1	0	3	1
2976822	2977938	1	1	4	1
2978080	2978808	1	2	0	1
2981927	3002311	2	1	2	2
3001923	3002311	2	0	2	2
3002401	3002536	2	0	2	2
3003217	3079282	1	1	0	1
3079341	3096993	1	0	0	1
3097056	3102083	1	2	0	1
3579127	3579222	1	2	0	1
4036720	4099984	1	2	1	1
4994226	4997505	2	1	2	2
4997680	4999387	2	0	2	2
5000605	5002686	1	3	0	1
5000605	5030897	1	2	0	1
5000605	5031904	1	3	1	1
5002758	5031904	1	2	1	1
5002758	5032668	1	2	0	1
5031067	5031904	1	0	1	1
5032011	5032668	1	1	0	1
5032728	5056887	1	2	0	1
5057459	5098213	1	2	0	1
5100707	5104342	1	1	0	1
5100707	5501055	1	1	0	1
5501255	5581773	1	0	0	1
5581798	5737270	1	2	0	1
6242754	6243293	2	0	2	2
6243440	6243551	0	0	3	2
6243440	6243552	2	1	0	2
6243643	6244970	0	0	0	2
6246355	6246615	1	1	3	1
6246754	6247354	1	0	0	1
6247433	6247560	1	2	3	1
6247673	6247773	1	2	0	1
6247920	6248014	1	4	0	1
6247920	6248025	1	2	0	1
6248108	6248234	1	2	0	1
6248108	6248801	1	2	1	1
6258392	6261942	2	1	1	2
6262029	6263832	2	0	1	2
6262102	6263600	2	0	2	2
6263747	6263832	2	1	1	2
6267069	6267674	1	0	0	1
6267753	6267880	1	2	0	1
6267992	6268090	1	2	0	1
6268234	6268340	3	2	0	1
6268430	6269127	1	0	0	1
6273661	6273766	0	0	0	2
6273911	6273999	0	1	0	2
6303989	6304597	4	0	0	2
6306370	6307420	0	1	0	1
6307500	6307694	1	3	0	1
6307811	6307896	1	1	1	1
6308037	6309498	1	3	0	1
6328229	6338743	1	1	0	1
6338893	6340892	0	1	1	1
6340994	6341800	1	2	0	1
6341912	6342308	1	2	0	1
6342420	6342529	1	3	0	1
6342612	6343020	1	1	1	1
6357437	6358682	2	0	2	2
6358826	6361326	2	1	3	2
6390675	6394098	1	1	2	1
6394259	6401121	1	2	1	1
6401231	6403586	3	2	1	1
6403725	6411305	1	2	4	1
6406923	6408145	2	1	2	2
6408344	6408463	2	0	0	2
6408543	6411372	2	0	2	2
6411530	6412221	2	0	2	2
6412371	6419763	2	1	2	2
6419851	6422326	2	0	0	2
6443635	6446971	1	1	3	1
6449504	6450444	1	1	3	1
6450607	6452913	1	0	1	1
6452989	6453676	1	2	1	1
6454154	6455971	1	1	1	1
6454154	6456070	1	1	1	1
6456185	6457157	1	1	2	1
6456185	6457659	1	1	1	1
6457414	6457659	1	2	1	1
6470949	6472811	2	2	2	2
6471220	6472811	2	2	2	2
6473017	6473493	2	0	3	2
6493071	6496583	0	0	0	2
6866078	6868035	2	1	1	2
6868462	6868730	2	0	0	2
6868776	6868866	2	3	0	2
6868776	6870004	2	2	2	2
6868909	6870004	2	0	2	2
6870053	6872553	2	0	0	2
6872620	6873970	2	0	2	2
6900848	6901145	0	0	1	1
6910982	6912086	1	2	3	1
6912172	6978211	1	1	1	1
6912172	6995802	1	1	1	1
6978243	6995802	1	2	1	1
6978243	7021447	1	2	1	1
6995898	7021447	1	2	1	1
7021537	7025033	1	2	0	1
7025142	7042978	1	3	2	1
7043125	7063895	1	2	1	1
7064149	7070194	1	0	0	1
7070328	7070718	1	1	0	1
7070861	7071558	1	0	0	1
7071623	7071731	1	1	4	1
7071830	7074558	1	0	0	1
7074620	7080730	1	3	0	1
7080853	7085896	1	0	0	1
7085972	7086288	1	2	0	1
7086417	7087265	1	2	0	1
7087432	7090087	1	3	0	1
7090190	7091470	1	0	2	1
7100827	7106391	2	2	0	2
7274478	7303935	1	1	1	1
7304105	7325904	1	0	2	1
7326169	7328025	1	2	0	1
7326169	7341113	1	2	1	1
7333108	7341113	1	2	1	1
7341234	7356133	1	1	2	1
7356230	7367354	1	0	0	1
7367433	7371741	1	2	0	1
7371889	7375710	1	2	0	1
7672042	7672448	2	1	1	2
7672538	7672626	2	0	3	2
7672738	7675364	2	0	2	2
7675471	7675909	2	0	1	2
7679210	7680265	0	0	0	1
7680332	7680526	0	0	0	1
7680620	7680718	1	0	1	1
7680864	7680981	1	2	0	1
7687803	7687895	0	0	1	2
7688042	7688139	0	0	0	2
7688251	7688381	2	2	0	2
7688454	7689073	0	2	0	2
7690837	7692158	0	0	0	1
7692277	7692362	1	1	1	1
7692533	7692630	1	1	0	1
7699487	7701185	2	0	1	2
7713097	7721854	2	0	1	2
7722058	7729455	0	0	1	2
7729840	7749361	2	0	2	2
7743027	7776519	2	0	4	2
7749471	7776519	5	2	0	2
7776707	7776832	2	0	0	2
7777028	7805493	2	0	3	2
7805079	7809859	1	3	0	1
7805604	7809152	2	1	2	2
7845881	7846179	0	0	0	2
7906056	7907110	0	2	0	2
7933015	7933692	2	1	2	2
7933799	7936633	2	0	2	2
7936704	7937569	2	1	2	2
8070118	8070600	0	0	0	2
8127238	8129231	0	0	0	1
8129235	8131646	1	0	0	1
8131825	8133683	1	1	0	1
8133782	8134106	0	18	0	1
8134162	8142224	6	0	0	1
8142338	8143206	1	2	0	1
8143312	8143390	0	2	0	1
8143487	8143900	1	1	1	1
8264764	8265172	0	1	1	2
8265262	8265332	0	0	0	2
8265444	8266313	2	0	2	2
8266429	8271278	0	0	0	2
8271429	8276552	2	0	2	2
8276656	8277079	0	0	0	2
8280335	8281699	0	0	0	1
8281810	8281895	1	0	1	1
8282042	8282159	1	0	0	1
8413454	8413798	0	0	0	2
8638406	8644130	1	3	0	1
8644327	8644677	1	3	0	1
8683432	8683719	2	1	6	2
8704559	8705101	1	3	0	1
8783406	8783886	4	0	6	2
8784203	8788998	4	0	0	2
8789302	8794859	2	1	2	2
8794944	8817344	2	0	2	2
8901258	8901368	2	0	2	2
8901513	8901599	2	0	1	2
8901739	8902989	0	0	0	2
8906332	8907092	1	2	0	1
8907197	8909881	1	2	0	1
8910060	8911944	1	1	0	1
8912098	8914091	1	3	2	1
8914204	8915082	1	2	0	1
8915194	8915274	1	3	0	1
8915364	8915769	1	2	3	1
8971894	8971985	0	0	0	2
8972031	8973725	0	0	0	2
9030730	9031053	1	2	0	1
9031229	9034671	0	0	0	1
9034788	9036455	6	0	3	1
9036530	9037674	1	2	1	1
9037767	9039798	6	0	0	1
9183785	9185600	0	0	0	1
9189751	9190185	0	1	1	2
9191072	9193590	5	2	0	2
9193715	9199090	0	0	0	2
9199280	9201391	0	1	0	2
9201597	9204392	0	3	0	2
9311431	9312014	2	1	2	2
9312126	9312623	2	0	2	2
9312735	9313171	0	0	0	2
9313282	9313708	0	0	0	2
9313820	9314774	2	0	1	2
9314890	9316937	2	2	3	2
9317091	9318990	2	0	1	2
9319169	9322183	2	0	2	2
9322288	9322759	2	0	2	2
9330056	9334749	2	0	1	2
9337596	9337874	1	1	3	1
9338013	9338619	1	0	0	1
9338698	9338825	1	2	3	1
9338938	9339038	1	2	0	1
9339185	9339279	1	4	0	1
9339185	9339290	1	2	0	1
9339373	9339499	1	2	0	1
9339373	9340066	1	2	1	1
9349639	9353188	2	1	1	2
9353275	9355079	2	0	1	2
9353348	9354847	2	0	2	2
9354994	9355079	2	1	1	2
9355190	9355385	2	2	4	2
9355190	9356512	2	3	0	2
9357929	9358189	1	1	3	1
9358328	9358934	1	0	0	1
9359013	9359140	1	2	3	1
9359253	9359353	1	2	0	1
9359500	9359594	1	4	0	1
9359500	9359605	1	2	0	1
9359688	9359814	1	2	0	1
9359688	9360381	1	2	1	1
9369916	9373464	2	1	1	2
9373551	9375359	2	0	1	2
9373624	9375127	2	0	2	2
9375010	9375127	2	0	2	2
9375274	9375359	2	1	1	2
9375470	9375665	2	2	4	2
9375731	9375883	0	0	0	2
9375930	9376141	0	0	0	2
9376174	9376358	2	1	1	2
9376392	9376799	0	0	0	2
9378606	9379212	1	0	0	1
9379291	9379418	1	2	3	1
9379531	9379631	1	2	0	1
9379778	9379883	1	2	0	1
9379966	9380659	1	2	1	1
9390250	9393804	2	1	1	2
9393891	9395705	2	0	1	2
9393964	9395473	2	0	2	2
9395356	9395473	2	0	2	2
9395620	9395705	2	1	1	2
9395816	9396011	2	2	4	2
9396077	9396229	0	0	0	2
9396276	9396487	0	0	0	2
9396520	9396704	2	1	1	2
9396738	9397145	0	0	0	2
9398553	9398813	1	1	3	1
9398952	9399558	1	0	0	1
9399637	9399764	1	2	3	1
9399877	9399977	1	2	0	1
9400124	9400218	1	4	0	1
9400124	9400229	1	2	0	1
9400312	9400438	1	2	0	1
9400312	9401005	1	2	1	1
9458802	9462356	2	1	1	2
9462443	9464242	2	0	1	2
9462516	9464010	2	0	2	2
9463893	9464010	2	0	2	2
9464157	9464242	2	1	1	2
9464316	9464316	0	0	1	2
9464353	9464548	2	2	4	2
9464614	9464766	0	0	0	2
9464813	9465023	0	0	0	2
9465056	9465240	2	1	1	2
9465274	9465681	0	0	0	2
9467486	9468092	1	0	0	1
9468171	9468298	1	2	3	1
9468411	9468511	1	2	0	1
9468658	9468752	1	4	0	1
9468658	9468763	1	2	0	1
9468846	9469537	1	2	1	1
9479112	9482662	2	1	1	2
9482822	9484319	2	0	2	2
9484466	9484551	2	1	1	2
9484662	9484852	4	1	3	2
9484918	9485098	4	0	1	2
9485151	9486003	4	0	3	2
9487816	9488422	1	0	0	1
9488501	9488628	1	2	3	1
9488741	9488841	1	2	0	1
9488988	9489093	1	2	0	1
9489176	9489869	1	2	1	1
9499400	9502949	2	1	1	2
9503036	9504838	2	0	1	2
9503109	9504606	2	0	2	2
9504489	9504606	2	0	2	2
9504753	9504838	2	1	1	2
9504949	9505143	2	2	4	2
9505221	9506271	4	0	0	2
9507814	9507831	1	8	19	1
9508098	9508704	1	0	0	1
9508783	9508910	1	2	3	1
9509023	9509123	1	2	0	1
9509270	9509375	1	2	0	1
9509458	9510151	1	2	1	1
9519725	9523274	2	1	1	2
9523361	9525165	2	0	1	2
9523434	9524933	2	0	2	2
9524816	9524933	2	0	2	2
9525080	9525165	2	1	1	2
9525276	9525471	2	2	4	2
9525602	9525667	2	1	1	2
9525695	9526176	2	0	2	2
9526197	9526595	2	1	0	2
9528411	9529017	1	0	0	1
9529096	9529223	1	2	3	1
9529336	9529436	1	2	0	1
9529583	9529677	1	4	0	1
9529583	9529688	1	2	0	1
9529771	9529897	1	2	0	1
9529771	9530464	1	2	1	1
9545006	9545123	2	0	2	2
9545270	9545355	2	1	1	2
9545466	9545661	2	2	4	2
9545724	9546790	0	0	0	2
9548580	9549186	1	0	0	1
9549265	9549392	1	2	2	1
9549505	9549605	1	2	0	1
9549751	9549845	6	0	0	1
9549939	9550658	1	2	0	1
9610871	9611282	0	0	2	2
9611367	9611451	2	0	3	2
9611563	9612419	2	0	1	2
9612534	9615088	2	2	3	2
9615236	9617151	0	0	0	2
9617327	9620625	2	0	2	2
9620730	9621166	0	0	0	2
9624545	9625568	0	0	0	1
9625656	9625860	3	2	1	1
9625974	9626059	1	0	1	1
9626201	9626310	1	2	0	1
9665401	9668921	0	0	0	1
9691235	9691711	1	3	0	1
9691917	9693508	1	2	2	1
9691917	9693779	1	2	2	1
9707069	9707314	2	1	2	2
9707069	9708543	2	1	1	2
9707571	9708543	2	2	1	2
9708658	9710574	2	1	1	2
9708757	9710574	2	1	1	2
9711052	9711739	2	1	2	2
9711815	9714121	2	1	0	2
9714284	9715224	2	3	1	2
9717757	9721093	2	3	1	2
9742401	9744876	1	0	0	1
9744964	9752347	1	2	1	1
9752497	9753188	1	2	0	1
9753346	9756175	1	2	0	1
9753413	9760993	2	4	2	2
9756255	9756374	1	0	0	1
9756573	9757795	1	2	1	1
9761132	9763487	4	1	2	2
9763597	9770459	2	1	2	2
9770620	9774043	2	2	1	2
9801307	9804772	1	1	0	1
9804885	9809309	1	2	1	1
9809385	9810069	1	2	1	1
9810109	9813198	1	2	0	1
9813400	9815900	1	3	1	1
9816044	9817293	1	2	0	1
9831719	9832133	2	1	0	2
9832210	9832319	2	0	3	2
9832431	9832827	2	0	2	2
9832939	9833745	2	0	2	2
9833845	9835844	0	1	1	2
9835996	9846517	2	0	1	2
9870139	9870747	3	0	0	1
9905614	9906302	0	0	2	2
9906388	9906496	0	0	3	2
9906640	9906738	2	0	2	2
9906850	9906977	2	0	2	2
9907056	9907661	2	0	0	2
9910854	9910966	1	0	1	1
9911113	9911652	1	2	0	1
9951661	9952121	0	0	0	1
9952198	9957438	0	0	0	1
9957552	9958417	0	0	1	1
9958526	9958605	0	3	0	1
9958698	9959110	1	1	1	1
10022789	10023193	2	1	1	2
10023283	10023368	2	0	3	2
10023479	10024354	0	1	0	2
10024471	10026508	2	2	3	2
10026661	10030387	2	0	1	2
10030566	10033553	2	0	0	2
10033655	10034086	2	0	2	2
10036552	10037897	0	0	0	1
10037967	10038061	3	0	1	1
10038208	10038317	1	2	0	1
10066609	10067299	2	1	2	2
10067382	10067487	2	0	2	2
10067634	10067730	2	0	2	2
10067843	10067970	2	4	2	2
10068049	10068655	2	0	0	2
10088131	10089164	3	0	2	1
11154070	11154880	0	0	0	2
11155040	11155652	2	0	2	2
11155878	11156566	0	0	0	2
11156688	11157052	0	0	0	2
11157123	11158535	2	1	2	2
11335795	11336185	0	0	0	1
11340794	11344966	2	1	2	2
11345104	11345990	2	1	1	2
11346100	11349883	2	0	2	2
11350034	11350875	2	0	2	2
11350983	11368865	2	2	1	2
11369042	11381626	2	0	1	2
11381755	11382868	2	1	3	2
11383012	11385515	2	1	1	2
11395738	11395868	0	1	0	1
11412633	11417395	1	3	1	1
11417477	11418628	1	1	0	1
11474056	11474177	0	1	0	2
11957399	11968080	1	0	1	1
11973039	11978910	1	0	1	1
11979855	11985479	1	2	0	1
12244877	12245211	0	0	0	1
12252517	12253978	0	1	0	2
12254107	12257880	2	1	4	2
12339975	12341174	0	0	2	1
12341295	12347134	1	0	1	1
12345215	12347134	3	1	1	1
12354138	12362223	1	4	1	1
12354771	12406794	2	0	3	2
12362374	12365938	1	2	0	1
12366061	12367195	1	3	1	1
12367318	12382334	1	0	2	1
12382469	12383139	1	2	3	1
12383303	12384307	1	3	1	1
12383330	12398678	2	1	2	2
12384430	12386968	1	0	2	1
12398817	12406794	2	1	3	2
12402590	12406794	2	1	2	2
12406500	12406794	2	1	3	2
12406937	12407191	2	0	4	2
12406937	12420314	2	0	1	2
12407309	12417888	2	1	2	2
12407309	12420314	2	1	1	2
12440162	12443263	2	1	2	2
12443300	12456143	2	3	1	2
12456195	12459700	2	1	2	2
12459759	12468441	2	0	0	2
12468505	12484729	2	0	2	2
12484754	12488432	2	0	1	2
12488469	12507307	2	2	2	2
12537901	12541058	1	2	0	1
12543214	12544782	1	1	1	1
12619123	12619624	2	0	0	2
12619733	12620028	0	0	0	2
12620165	12632728	2	0	0	2
12632874	12634283	2	1	0	2
12662706	12664638	1	4	0	1
12664686	12686511	1	1	1	1
12686606	12687462	1	1	0	1
12686606	12687683	1	1	1	1
12686606	12690324	1	1	0	1
12702055	12708632	1	2	2	1
12702055	12709386	1	2	1	1
12708693	12709386	1	0	1	1
12709543	12720587	1	2	0	1
12720737	12722106	1	2	1	1
12722187	12725111	1	2	1	1
12725225	12726573	1	0	0	1
12726793	12735610	1	0	1	1
12735727	12735996	1	0	0	1
12736249	12736409	1	2	0	1
12736549	12738155	1	0	1	1
12738309	12739523	1	4	1	1
12739629	12757190	1	2	1	1
12757398	12758504	1	2	1	1
12758642	12760482	1	2	0	1
12760617	12771066	1	2	0	1
12771155	12773581	1	2	0	1
12773925	12775469	1	1	2	1
12775566	12776647	1	2	3	1
12776860	12778017	1	2	0	1
12778259	12778604	1	0	0	1
12778755	12779524	1	1	0	1
12779646	12786201	1	3	0	1
12786333	12786520	1	2	2	1
12786800	12790405	1	3	0	1
12790532	12791497	1	2	1	1
12791624	12793030	1	1	0	1
12793201	12810177	1	0	0	1
12802716	12803060	0	0	0	2
12810287	12810670	1	1	0	1
12810818	12811633	1	1	1	1
12811781	12812828	1	0	1	1
12813052	12816122	1	0	0	1
12816344	12818418	1	2	0	1
12818610	12833686	1	2	1	1
12833861	12837909	1	3	3	1
12838052	12839862	1	2	2	1
12840614	12841008	1	2	1	1
12841133	12842223	1	1	0	1
12841133	12842238	1	1	3	1
12842465	12843062	1	3	1	1
12843193	12846331	1	3	2	1
12846518	12846931	1	1	4	1
12847153	12847237	1	2	2	1
12847153	12856338	1	2	0	1
12847327	12856338	1	2	0	1
12856496	12856631	1	2	1	1
12856845	12857564	1	2	1	1
12857661	12859277	1	2	0	1
12904414	12904856	1	2	0	1
12904414	12904933	1	2	1	1
12904981	12907535	1	2	0	1
12905815	12907535	1	2	0	1
12907594	12909358	1	0	0	1
12909407	12911837	1	3	1	1
12911968	12912725	1	2	0	1
12912882	12912961	1	0	0	1
12913062	12913716	1	0	0	1
12913853	12914562	1	3	1	1
12914649	12914882	1	2	1	1
12914982	12915065	1	0	0	1
12915227	12915628	1	0	3	1
12915774	12915881	1	3	0	1
12916027	12916259	1	3	1	1
12916442	12916515	1	0	2	1
12916634	12916905	1	1	1	1
12917060	12917401	1	2	0	1
12917542	12918041	1	2	2	1
12930326	12935199	0	1	1	2
12935285	12945617	0	1	0	2
12945662	12945886	0	1	0	2
12945923	12946023	0	0	4	2
12946072	12946286	0	0	1	2
12946306	12947672	0	1	2	2
12947765	12948085	0	13	1	2
13084343	13094572	0	1	2	1
13154024	13159954	2	0	1	2
13159469	13160892	2	0	2	2
13160116	13160834	2	0	2	2
13249882	13251015	2	1	0	2
13249882	13260276	2	1	2	2
13251187	13260276	2	3	2	2
13260404	13297705	2	3	0	2
13297848	13298955	2	0	2	2
13299144	13302875	2	0	0	2
13302991	13305397	2	2	3	2
13305547	13306036	2	2	0	2
13305547	13306184	2	2	0	2
13306112	13306184	2	0	0	2
13306250	13323553	2	1	0	2
13323368	13323553	2	1	0	2
13323760	13324599	2	0	2	2
13324706	13326219	2	0	0	2
13326350	13335561	2	1	2	2
13336335	13354784	2	1	0	2
13336335	13355001	2	1	2	2
13336335	13355373	2	1	2	2
13354833	13355001	2	1	3	2
13355398	13355921	2	0	0	2
13356018	13357875	2	0	2	2
13357969	13358462	2	0	2	2
13357969	13359086	2	0	2	2
13357969	13359765	2	0	2	2
13358553	13359086	2	0	3	2
13358619	13359086	2	1	2	2
13358619	13359765	2	1	2	2
13359222	13359765	2	1	2	2
13359986	13360428	2	0	1	2
13359986	13366265	2	0	2	2
13360528	13366265	2	3	2	2
13366393	13369254	2	2	3	2
13369349	13393857	2	0	2	2
13369349	13396916	2	0	0	2
13369349	13410991	2	0	2	2
13393893	13396916	2	0	0	2
13396972	13410991	2	0	2	2
13411113	13414733	2	1	1	2
13414793	13449015	2	0	2	2
13414793	13479252	2	0	2	2
13449066	13470119	2	0	2	2
13470229	13479252	2	1	2	2
13479317	13479512	2	0	4	2
13704435	13705223	1	0	0	1
13752005	13753092	1	2	2	1
13752005	13790917	1	3	0	1
13753159	13754638	1	2	1	1
13754789	13790917	1	3	0	1
13790966	13854442	1	2	2	1
13790966	13858500	1	2	0	1
13790966	13858515	1	3	1	1
13854577	13858515	1	1	1	1
13858646	13859666	1	0	0	1
13858722	13869063	0	2	0	1
13859821	13869065	1	1	2	1
13869128	13871631	1	2	0	1
13869250	13871680	0	0	1	1
13871798	13887256	1	2	0	1
13887463	13902872	1	1	0	1
13902966	13905677	0	2	1	1
13905851	13906824	3	4	1	1
13907046	13908170	1	0	1	1
13908313	13915764	1	0	1	1
13986146	13986337	2	0	2	2
14056391	14056582	1	2	0	1
14081169	14081304	1	2	0	1
14081449	14086533	1	0	2	1
14276611	14277348	2	3	2	2
14522941	14622007	1	2	2	1
14522941	14719457	1	2	1	1
14523898	14622019	1	0	0	1
14524284	14622007	1	2	2	1
14524708	14622007	1	2	2	1
14524936	14622007	1	1	2	1
14622591	14719457	1	1	1	1
14622591	14723115	1	1	0	1
14719518	14723115	1	2	0	1
14723269	14733450	1	3	3	1
14723269	14748617	1	2	0	1
14723269	14824186	1	3	1	1
14748729	14751679	1	3	0	1
14748729	14824186	1	2	1	1
14751802	14824186	1	2	1	1
14793987	14798620	2	0	2	2
14798709	14801274	2	0	0	2
14801344	14804003	2	0	1	2
14824373	14829728	1	2	2	1
14830519	14840411	1	1	0	1
14941821	14942659	0	0	0	1
15348865	15381590	0	1	1	2
15381842	15456033	0	0	1	2
15547358	15549609	1	2	1	1
15549941	15551595	1	2	0	1
15552015	15566770	1	1	1	1
15566928	15593229	0	0	0	1
17501115	17501709	1	1	0	1
17501760	17513096	1	0	1	1
17513226	17513472	1	2	0	1
17513567	17514159	1	0	1	1
17514331	17514439	1	2	0	1
17514534	17514807	1	3	2	1
17514708	17514752	0	2	0	1
17515018	17515147	0	0	1	1
17515227	17515551	0	0	0	1
17515647	17516014	1	2	2	1
17516132	17516587	1	0	0	1
17517884	17518395	4	1	3	2
17518487	17518566	2	3	1	2
17518676	17518980	2	0	2	2
17553954	17554040	2	1	3	2
17554126	17555774	4	0	2	2
17556010	17576701	2	1	3	2
17576820	17579314	2	3	2	2
17621382	17621458	0	0	0	2
17621539	17622015	0	0	0	2
17622115	17622803	0	0	0	2
17622896	17623145	0	0	1	2
17623219	17623862	0	0	1	2
17623988	17624090	2	1	0	2
17624245	17624321	2	1	4	2
17624438	17624619	0	0	0	2
17624761	17625645	4	0	3	2
17628985	17629359	0	0	0	1
17706178	17707997	0	0	0	2
17729799	17741914	2	2	2	2
17742031	17744538	5	1	0	2
17769880	17777064	2	0	2	2
17782335	17782908	6	3	0	1
17783001	17784625	0	0	0	1
17788409	17788788	0	1	1	2
17788961	17789160	0	0	0	2
17789190	17789341	2	1	0	2
17798068	17798508	6	3	2	2
17798651	17800602	5	1	0	2
17809902	17811121	0	4	0	1
17811327	17813520	1	0	3	1
17813589	17813673	1	1	2	1
17813705	17815226	1	0	0	1
17815364	17815687	0	0	0	1
17815835	17818923	1	2	0	1
17819030	17820332	0	0	0	1
17820453	17822289	1	0	0	1
17822364	17823467	1	2	1	1
17823560	17825179	0	0	0	1
17877827	17877831	0	2	1	2
17877862	17878296	2	0	0	2
17883298	17883641	0	0	0	2
17908975	17910596	1	0	0	1
17912823	17914952	0	0	0	2
17915038	17917021	2	2	1	2
17917223	17919022	2	0	0	2
17919244	17921407	0	0	0	2
17951753	17952060	0	0	0	1
17984569	17986735	0	0	0	1
17986955	17988754	1	0	0	1
17988945	17990941	1	2	3	1
17991027	17993166	0	0	0	1
17995409	17997030	2	0	0	2
18022363	18022693	0	1	0	1
18027709	18028143	1	0	0	1
18028171	18028175	0	1	2	1
18080830	18082448	0	0	2	2
18082540	18085554	2	1	0	2
18085675	18086977	0	0	0	2
18087084	18090172	2	0	2	2
18090320	18090643	0	0	0	2
18090781	18092303	2	0	0	2
18092335	18092419	2	2	1	2
18092488	18094681	2	3	0	2
18094883	18096103	2	0	0	2
18105406	18107354	0	0	0	1
18107502	18107945	0	0	1	1
18116664	18116818	1	0	1	1
18116846	18117057	0	2	0	1
18117218	18117597	0	1	1	1
18121383	18123007	0	0	0	2
18123100	18123672	0	0	0	2
18128944	18136127	1	2	0	1
18161469	18163976	6	0	1	1
18164093	18176211	1	2	2	1
18276648	18277021	0	0	0	2
18280349	18281244	0	0	1	1
18281685	18281761	1	4	1	1
18281907	18282035	0	1	0	1
18282145	18282788	0	0	0	1
18282860	18283109	0	1	0	1
18283165	18283890	0	0	1	1
18283990	18284469	0	0	0	1
18284553	18284631	0	1	2	1
18326690	18329189	1	2	3	1
18329308	18349998	1	3	1	1
18350234	18351882	3	2	0	1
18351968	18352054	1	3	1	1
18387030	18387334	1	2	0	1
18387444	18387523	1	1	3	1
18387634	18388126	1	1	2	1
18389423	18389878	2	0	0	2
18389996	18390363	2	2	2	2
18390459	18390783	0	0	0	2
18390902	18390990	0	2	1	2
18391203	18391476	2	2	3	2
18391258	18391300	0	0	1	2
18391571	18391679	2	0	2	2
18391851	18392443	2	1	0	2
18392538	18392784	2	0	2	2
18392914	18404242	2	1	0	2
18404293	18404887	2	0	1	2
18453263	18454891	2	2	0	2
18454983	18456087	2	1	0	2
18456158	18457943	2	3	0	2
18458063	18460230	0	0	0	2
18460337	18463446	2	0	0	2
18463615	18463910	0	0	0	2
18464048	18468264	0	0	0	2
18468296	18468382	2	2	1	2
18468451	18470668	2	3	3	2
18470870	18472062	2	0	0	2
18481220	18486192	0	0	1	1
18486350	18486751	0	0	0	1
18486927	18487302	0	1	0	1
18491105	18493008	0	0	0	2
18491817	18500618	1	2	0	1
18493102	18493179	0	0	1	2
18493305	18494073	2	2	0	2
18501051	18529638	1	2	1	1
18529837	18530486	1	2	1	1
18530596	18547031	1	3	1	1
18541109	18542844	0	0	0	1
18543591	18544001	0	1	1	1
18547300	18547777	1	2	0	1
18547300	18550112	1	2	0	1
18547300	18588534	1	2	0	1
18550223	18550781	1	2	0	1
18550869	18551915	1	1	1	1
18552071	18582671	1	1	0	1
18582348	18587410	2	1	0	2
18582356	18582652	0	0	0	2
18582720	18583908	2	0	1	2
18582758	18588534	1	1	0	1
18584060	18587410	2	3	0	2
18587548	18588129	2	0	0	2
18587548	18588604	2	0	0	2
18588244	18588604	2	0	0	2
18588706	18590378	4	0	2	2
18588706	18599218	2	0	1	2
18599331	18599705	2	1	0	2
18600333	18602379	2	0	1	2
18602492	18603025	5	0	0	2
18603156	18604022	0	0	0	2
18604159	18605746	0	0	0	2
18605820	18607455	0	1	0	2
18607585	18609336	0	0	0	2
18609444	18622064	2	0	0	2
18622237	18627018	2	0	0	2
18627156	18628971	0	0	0	2
18655605	18656044	6	4	2	2
18674042	18674213	0	2	0	1
18674315	18675368	1	2	0	1
18675572	18678440	1	1	1	1
18678509	18678596	1	0	4	1
18678628	18691321	1	2	2	1
18691427	18693242	0	0	0	1
18693380	18698161	1	0	0	1
18698334	18710956	1	0	0	1
18711064	18712816	0	0	0	1
18712916	18714579	3	0	1	1
18714654	18716241	0	0	0	1
18716378	18717244	0	0	0	1
18717375	18717908	6	0	0	1
18718021	18720067	1	1	0	1
18720694	18721067	0	2	0	1
18721182	18731695	1	1	0	1
18730023	18731695	3	2	0	1
18731797	18732157	1	0	0	1
18731797	18732853	1	0	0	1
18731867	18737643	2	0	1	2
18731867	18773104	2	0	2	2
18732272	18732853	1	0	0	1
18732991	18736341	1	0	3	1
18732991	18738053	1	0	1	1
18736493	18737681	1	1	0	1
18737730	18768329	2	0	1	2
18737749	18738045	0	0	0	1
18768485	18769531	2	1	1	2
18769619	18770181	2	0	2	2
18770292	18773104	2	0	2	2
18772627	18773104	2	0	2	2
18773373	18789809	2	1	3	2
18776403	18776814	0	0	0	2
18777561	18779297	5	2	0	2
18789919	18790568	2	1	2	2
18790767	18819353	2	1	2	2
18819786	18828583	2	0	2	2
18826327	18827095	1	0	2	1
18827220	18827297	0	0	1	1
18827392	18829297	0	0	0	1
18833097	18833472	0	0	1	2
18833648	18833888	0	0	2	2
18833918	18834049	0	0	0	2
18834207	18839180	0	0	0	2
18848335	18849527	1	0	0	1
18849729	18851947	0	0	0	1
18852013	18852099	1	1	2	1
18852130	18856347	0	0	0	1
18856485	18856832	1	3	0	1
18856949	18860058	1	0	0	1
18860166	18862333	0	0	0	1
18862452	18864232	0	0	0	1
18864299	18865410	0	2	0	1
18865513	18867138	0	0	0	1
18872834	18877066	2	0	2	2
18877205	19077043	2	0	0	2
18932841	19044540	2	1	1	2
18932841	19077043	2	1	0	2
18985854	18986216	0	0	0	1
19041586	19043161	2	1	2	2
19043346	19044660	2	0	2	2
19044695	19045240	2	0	1	2
19045288	19048771	2	1	0	2
19045291	19068722	2	0	0	2
19048912	19068722	2	0	0	2
19068798	19075939	2	1	0	2
19068798	19077043	2	1	0	2
19254452	19260525	0	0	0	2
19456864	19457055	2	0	2	2
19456864	19458922	2	0	1	2
19457117	19458922	2	0	1	2
19459079	19459287	2	0	1	2
19459366	19459957	2	0	3	2
19459366	19465104	4	0	3	2
19459366	19466442	2	0	1	2
19460104	19465104	4	2	2	2
19465227	19466454	2	1	2	2
19466707	19467062	0	0	1	2
19467374	19473903	2	1	2	2
19467387	19473903	0	0	1	2
19474144	19474638	2	1	2	2
19474250	19474648	5	0	0	2
19474898	19480163	2	0	2	2
19474903	19480167	2	1	0	2
19480294	19480689	0	0	0	2
19480294	19503030	2	0	0	2
19480738	19481665	0	0	0	2
19567482	19587208	1	1	0	1
19567570	19587208	1	4	0	1
19567951	19569383	1	2	1	1
19567951	19587208	1	2	0	1
19569459	19587208	1	1	0	1
19587507	19588368	1	3	0	1
19587507	19589519	1	4	1	1
19588650	19589519	1	2	1	1
19588650	19589525	1	2	0	1
19589612	19590081	1	0	1	1
19589612	19591778	1	0	0	1
19589612	19591918	1	0	1	1
19589612	19593397	1	0	1	1
19590423	19591778	0	0	2	1
19590772	19591778	1	2	0	1
19591959	19593397	1	3	1	1
19592814	19593397	1	4	1	1
19593593	19596013	1	2	0	1
19596134	19597589	1	0	0	1
19597665	19598550	1	2	2	1
19597665	19599737	1	2	0	1
19598639	19599737	1	2	0	1
19599831	19602214	1	2	0	1
19602311	19603795	1	2	0	1
19706345	19706439	2	0	2	2
19706640	19706792	2	0	1	2
19706863	19707145	2	2	2	2
19707746	19707932	2	0	1	2
19708071	19708242	2	3	2	2
19708071	19708320	2	2	3	2
19708423	19708873	2	0	0	2
19709013	19709449	2	1	2	2
19709809	19710374	2	1	2	2
19710260	19710374	2	2	2	2
19710472	19715350	2	1	2	2
19710472	19715582	2	1	0	2
19715499	19715613	2	1	0	2
19715739	19715821	2	2	1	2
19716004	19716277	2	1	2	2
19716111	19716277	2	0	2	2
19716473	19716594	2	0	1	2
19716715	19720870	2	2	0	2
19721034	19721128	2	1	1	2
19721311	19723339	2	1	4	2
19721311	19731770	2	1	2	2
19723433	19731770	2	0	2	2
19731930	19732044	2	0	0	2
19732165	19732582	2	1	1	2
19732742	19735350	2	0	0	2
19735497	19735619	2	0	2	2
19735750	19739526	2	0	0	2
19735750	19741316	2	0	1	2
19739662	19741316	2	0	1	2
19739662	19741733	2	0	2	2
19741488	19741733	2	0	2	2
19741488	19743160	2	0	2	2
19741857	19743160	2	1	2	2
19743239	19744383	2	1	1	2
19744553	19744669	2	0	1	2
19986704	19987063	0	0	0	2
20001699	20005738	0	0	0	2
20005828	20012084	2	2	0	2
20390110	20395506	0	0	1	1
20396019	20396269	0	0	0	1
20465822	20466426	2	0	2	2
20466667	20468187	2	1	1	2
20468248	20469870	2	0	2	2
20469981	20507350	2	0	0	2
20507456	20518269	2	0	3	2
20575887	20579606	1	2	3	1
20579691	20582588	1	2	0	1
20582693	20584472	1	2	2	1
20582693	20588022	1	3	1	1
20584524	20588022	1	2	1	1
20588105	20589482	1	1	0	1
20589575	20592339	1	0	0	1
20727497	20729399	0	0	0	1
20729531	20729921	1	0	0	1
20730070	20730767	1	0	0	1
20730832	20730940	1	1	4	1
20731040	20734081	1	0	0	1
20734150	20740898	1	2	0	1
20740973	20741309	1	2	0	1
20741435	20742826	0	0	0	1
20756166	20756776	1	1	1	1
20756855	20759866	1	0	1	1
20760048	20761282	1	2	0	1
20761381	20768803	1	2	0	1
20768976	20779507	1	2	1	1
20779666	20780929	1	0	1	1
20809465	20811317	2	0	2	2
21039044	21042267	2	0	1	2
21042369	21044597	2	0	1	2
21311376	21311820	3	2	0	1
21312000	21314176	1	1	0	1
21314293	21314603	0	2	1	1
21314637	21316632	6	0	0	1
21316748	21317614	1	3	0	1
21317726	21317806	0	0	0	1
21317896	21318318	1	1	1	1
21318489	21318764	0	8	0	1
21383280	21383430	2	1	0	2
21383796	21383911	2	0	1	2
21383969	21386230	2	0	2	2
21395291	21395698	2	1	1	2
21395788	21395869	2	0	3	2
21395981	21396344	2	0	2	2
21395981	21400921	2	0	2	2
21396456	21397336	2	0	1	2
21397452	21400921	2	2	2	2
21401026	21401475	2	0	2	2
21430996	21431403	0	1	1	2
21431494	21431585	2	0	0	2
21431697	21432582	0	0	2	2
21432698	21434689	5	0	0	2
21434843	21437066	2	0	1	2
21465500	21465727	0	0	2	2
21465811	21466842	0	0	0	2
21468631	21469239	1	0	0	1
21469318	21469445	1	2	4	1
21469558	21469656	1	2	0	1
21469803	21469910	1	2	0	1
21469993	21470659	1	2	1	1
21493696	21495608	1	0	0	1
21495762	21497771	1	3	2	1
21497887	21498841	1	1	0	1
21498953	21499393	1	2	0	1
21499505	21499938	1	6	0	1
21500050	21500482	0	0	0	1
21500592	21500968	0	2	1	1
21501082	21501168	1	3	0	1
21501258	21501668	1	1	1	1
21508346	21508462	2	0	2	2
21508609	21508694	2	1	1	2
21508759	21509021	0	0	0	2
21509086	21510074	0	2	0	2
21511485	21513345	1	3	0	1
21513459	21513932	1	2	0	1
21514037	21517055	1	2	0	1
21514037	21519148	1	2	0	1
21514037	21540596	1	2	0	1
21517234	21519148	1	1	0	1
21519302	21521311	1	3	2	1
21521427	21522381	1	1	0	1
21522493	21522933	1	2	0	1
21523045	21523478	1	6	0	1
21523590	21524510	1	2	0	1
21523590	21524708	1	3	0	1
21524622	21524708	1	3	0	1
21524798	21525208	1	1	1	1
21524798	21548748	1	1	1	1
21531886	21532002	2	0	2	2
21532149	21532234	2	1	1	2
21532299	21532561	0	0	0	2
21532628	21533613	0	0	0	2
21535026	21536886	1	3	0	1
21537000	21537473	1	2	0	1
21537578	21540596	1	2	0	1
21537578	21542689	1	2	0	1
21540775	21542689	1	1	0	1
21542843	21544852	1	3	2	1
21544968	21545922	1	1	0	1
21546034	21546474	1	2	0	1
21546586	21547019	1	6	0	1
21547131	21548051	1	2	0	1
21547131	21548248	1	3	0	1
21548163	21548248	1	3	0	1
21548338	21548748	1	1	1	1
21555901	21556271	0	0	2	2
21556399	21556594	0	0	0	2
21556654	21557682	0	1	0	2
21583662	21584781	2	1	2	2
21584874	21587499	2	0	2	2
21587662	21589270	2	4	3	2
21589370	21589964	2	0	2	2
21590127	21594584	2	0	2	2
21662142	21664761	6	0	0	1
21664977	21667097	1	3	0	1
21667276	21670082	0	0	5	1
21670210	21672568	6	0	2	1
21673473	21673882	1	3	0	1
21677435	21678998	2	0	0	2
21679222	21681030	0	1	0	2
21817755	21818076	0	0	1	2
21871715	21872958	0	2	0	1
21873127	21873497	0	2	0	1
21880652	21881062	2	1	1	2
21881152	21881238	2	0	3	2
21881152	21882270	2	0	3	2
21881350	21882270	2	0	2	2
21882382	21882815	2	0	6	2
21882927	21883367	2	0	2	2
21883479	21884433	2	0	1	2
21884549	21886558	2	2	3	2
21886712	21888626	2	0	1	2
21886712	21891823	2	0	2	2
21888805	21891823	2	0	2	2
21891928	21892403	2	0	2	2
21892517	21894377	2	0	3	2
21895778	21896774	0	0	1	1
21896859	21897102	0	1	0	1
21897183	21897267	0	0	2	1
21897400	21897516	1	2	0	1
21904194	21904604	2	1	1	2
21904694	21904779	2	0	3	2
21904694	21905811	2	0	3	2
21904891	21905811	2	0	2	2
21905923	21906356	2	0	6	2
21906468	21906908	2	0	2	2
21907020	21907974	2	0	1	2
21908090	21910099	2	2	3	2
21910253	21912167	2	0	1	2
21910253	21915364	2	0	2	2
21912346	21915364	2	0	2	2
21915469	21915944	2	0	2	2
21916058	21917918	2	0	3	2
21919328	21920315	0	0	0	1
21920400	21920643	0	1	0	1
21920724	21920796	0	0	0	1
21920941	21921057	1	2	0	1
21927819	21928239	2	1	1	2
21928328	21928409	2	0	3	2
21928521	21929389	2	0	2	2
21929505	21931511	2	2	3	2
21931665	21933599	2	0	1	2
21933778	21936483	2	0	2	2
21936588	21937040	2	0	2	2
21940343	21940821	0	0	0	1
21940861	21941058	0	0	0	1
21941169	21941255	1	1	0	1
21941398	21941514	0	2	2	1
21972418	21973929	0	1	0	1
21974059	21974594	1	0	0	1
21974705	21976421	1	3	0	1
21977038	21977410	1	2	2	1
21977522	21996861	1	1	0	1
21996963	22003594	0	0	0	1
22003747	22004942	1	1	0	1
22005008	22005305	0	1	0	1
22048703	22049187	4	0	0	2
22049793	22051508	5	1	0	2
22051638	22053995	0	0	1	2
22054185	22055970	5	0	0	2
22056089	22057891	0	0	2	2
22072581	22073642	2	0	1	2
22072581	22082078	2	0	2	2
22073758	22082078	2	0	2	2
22082195	22084769	2	1	3	2
22084891	22095730	2	0	2	2
22095818	22095918	2	0	2	2
22101055	22102103	2	0	2	2
22102369	22102883	2	1	3	2
22103002	22103545	2	0	2	2
22103002	22105748	2	0	1	2
22103743	22103862	2	0	0	2
22103949	22105748	2	0	1	2
22106085	22107550	2	1	2	2
22107641	22121282	2	2	1	2
22121637	22122066	2	1	2	2
22122186	22129363	2	1	0	2
22129450	22129757	2	0	5	2
22129981	22139948	2	0	2	2
22140090	22146638	2	1	2	2
22145079	22145296	1	1	0	1
22145435	22146591	1	1	4	1
22146949	22147282	2	0	1	2
22169118	22169528	2	1	1	2
22169618	22169703	2	0	3	2
22169618	22170737	2	0	3	2
22169815	22170737	2	0	2	2
22170849	22171282	2	0	6	2
22171394	22171833	2	0	2	2
22171945	22172899	2	0	1	2
22173015	22175024	2	2	3	2
22175178	22177092	2	0	1	2
22175178	22180289	2	0	1	2
22177271	22180289	2	0	1	2
22180394	22180859	2	0	2	2
22180973	22182833	2	0	3	2
22184243	22185233	0	0	0	1
22185316	22185553	0	0	0	1
22185625	22185711	0	0	2	1
22185856	22185972	1	2	0	1
22198535	22198937	0	1	0	1
22199042	22203598	6	4	2	1
22209443	22209955	0	0	0	1
22210026	22212422	0	1	0	1
22212601	22216464	6	0	0	1
22297788	22298304	2	3	4	2
22306070	22306153	0	0	0	2
22306219	22307557	0	1	0	2
22308970	22310858	1	4	0	1
22310972	22311393	1	2	0	1
22311498	22314491	1	2	0	1
22314670	22316593	1	1	0	1
22316747	22318781	1	3	2	1
22318897	22320361	1	2	0	1
22320464	22320828	1	2	0	1
22320940	22321019	0	0	0	1
22321109	22321522	1	1	1	1
22331024	22331567	1	0	1	1
22400444	22400560	2	0	2	2
22400705	22400790	0	0	0	2
22400857	22401100	0	0	1	2
22401186	22402173	0	0	0	2
22403582	22405442	1	3	0	1
22405556	22406023	1	2	0	1
22406128	22409150	1	1	0	1
22406128	22411243	1	1	0	1
22409329	22411243	1	1	0	1
22411397	22413406	1	3	2	1
22413522	22414476	1	1	0	1
22414588	22415027	1	2	0	1
22415139	22415572	1	6	0	1
22415684	22416606	1	2	0	1
22416718	22416803	1	3	0	1
22416893	22417303	1	1	1	1
22439140	22439473	1	1	0	1
22439784	22446330	1	2	1	1
22439831	22440987	2	4	1	2
22441126	22441343	2	0	1	2
22446472	22456433	1	2	0	1
22456657	22456964	1	5	0	1
22457051	22464228	1	0	1	1
22464348	22464777	1	2	1	1
22465132	22478763	1	1	2	1
22478854	22480319	1	2	1	1
22480656	22482455	1	1	0	1
22480656	22483402	1	1	0	1
22482542	22482661	1	0	0	1
22482859	22483402	1	2	0	1
22483521	22484035	1	3	1	1
22484301	22485349	1	2	0	1
22490484	22490584	1	2	0	1
22490672	22501511	1	2	0	1
22501633	22504207	1	3	1	1
22504324	22512636	1	2	0	1
22504324	22513810	1	2	0	1
22512752	22513810	1	1	0	1
22528501	22530302	6	0	0	1
22530422	22532207	6	0	0	1
22532396	22534753	0	1	0	1
22534884	22536599	6	0	1	1
22537205	22537689	3	0	0	1
22581082	22581379	0	0	0	2
22581447	22582642	2	0	1	2
22582798	22589430	2	0	2	2
22589532	22608872	2	0	1	2
22608984	22609356	2	2	2	2
22609973	22611689	2	0	3	2
22611800	22612333	2	0	0	2
22612464	22613973	0	0	1	2
22649353	22649805	1	2	0	1
22649910	22652617	1	2	0	1
22652796	22654730	1	1	0	1
22654884	22656890	1	3	2	1
22657006	22657874	1	2	0	1
22657986	22658067	1	3	0	1
22658156	22658579	1	1	1	1
22670689	22670809	0	0	0	2
22670868	22671043	0	2	0	2
22671155	22671369	0	0	0	2
22671425	22672456	0	0	0	2
22763152	22763564	2	1	1	2
22763654	22763734	2	0	3	2
22763846	22766596	2	0	1	2
22766774	22769161	0	0	0	2
22769264	22769673	4	0	2	2
22851643	22852608	1	1	2	1
22861272	22861542	2	0	0	2
22936615	22963626	1	0	2	1
22963703	22965506	1	2	1	1
22965615	22972282	1	2	2	1
22973974	22984146	1	4	2	1
22984216	22984567	1	2	1	1
22984293	22984567	1	1	1	1
22984691	22987755	1	2	0	1
22987893	22992301	1	3	2	1
22992421	22994479	1	2	2	1
22992421	22997450	1	2	0	1
22994598	22997450	1	2	0	1
22997557	22998248	1	2	1	1
22998374	23004923	1	0	2	1
23005049	23005142	1	3	2	1
23005054	23005142	1	0	2	1
23025842	23026149	0	2	3	1
23049358	23049676	0	2	0	1
23049736	23049900	0	0	0	1
23058319	23058659	0	10	0	1
23130356	23159962	0	0	6	2
23131211	23135173	2	1	2	2
23135273	23138208	2	0	4	2
23135273	23139845	2	0	2	2
23135275	23137479	0	0	0	2
23137513	23138208	2	2	2	2
23138281	23139845	2	0	2	2
23138281	23140624	2	0	3	2
23139881	23140624	2	0	2	2
23140697	23143009	2	1	4	2
23140697	23152795	2	1	4	2
23143082	23152795	2	1	4	2
23152868	23155172	2	1	4	2
23152868	23157568	2	1	4	2
23155245	23157568	2	1	4	2
23157641	23159951	2	0	4	2
23157641	23162347	2	0	4	2
23160024	23162347	2	1	4	2
23162420	23164738	2	0	4	2
23164811	23167183	2	1	4	2
23167256	23168655	2	1	5	2
23167256	23178019	2	1	4	2
23167256	23190343	2	1	5	2
23168796	23168884	2	3	0	2
23168949	23169384	2	0	0	2
23169437	23169996	2	0	1	2
23170089	23170362	2	0	1	2
23170510	23179495	2	0	3	2
23178091	23188866	0	1	1	2
23179636	23179724	2	3	0	2
23179789	23180224	2	0	0	2
23180277	23180836	2	0	1	2
23180929	23181202	2	0	1	2
23181350	23190343	2	0	3	2
23188939	23190342	0	1	1	2
23190484	23190572	2	3	0	2
23190637	23191072	2	0	0	2
23191125	23191684	2	0	1	2
23191777	23192050	2	0	1	2
23192198	23198796	2	0	1	2
23219743	23226342	1	1	0	1
23226490	23226763	1	1	0	1
23226856	23227415	1	1	0	1
23227468	23227903	1	0	0	1
23227968	23228056	1	0	3	1
23228197	23229596	1	5	1	1
23229669	23232039	1	4	1	1
23232112	23234430	1	4	0	1
23232112	23239208	1	4	0	1
23234503	23236826	1	4	1	1
23234503	23241604	1	4	1	1
23236899	23239208	1	4	0	1
23236899	23241604	1	4	1	1
23239281	23241604	1	4	1	1
23239281	23265705	1	4	1	1
23241677	23243988	1	4	0	1
23241677	23246384	1	4	1	1
23241677	23248761	1	4	1	1
23244061	23246384	1	4	1	1
23244061	23253539	1	4	1	1
23246457	23248761	1	4	1	1
23248834	23251143	1	4	0	1
23248834	23253539	1	4	1	1
23248834	23255916	1	4	1	1
23248834	23265705	1	4	1	1
23248834	23280011	1	4	1	1
23251216	23253539	1	4	1	1
23253612	23255916	1	4	1	1
23255989	23265705	1	4	1	1
23255989	23280011	1	4	1	1
23265778	23268089	1	4	1	1
23268162	23270474	1	4	1	1
23270547	23272858	1	4	1	1
23270547	23280011	1	4	1	1
23272931	23275242	1	4	1	1
23275315	23277626	1	4	1	1
23277699	23280011	1	4	1	1
23280084	23280827	1	2	0	1
23280863	23285436	1	2	0	1
23285536	23289498	1	2	1	1
23379573	23388989	1	0	1	1
23389194	23391163	1	2	0	1
23391354	23391441	1	1	0	1
23391555	23392654	1	0	1	1
23462535	23472152	1	1	2	1
23523722	23524751	0	0	0	1
23524809	23525008	0	0	0	1
23525133	23525224	0	0	0	1
23537606	23538029	2	1	1	2
23538118	23538199	2	0	3	2
23538311	23539179	2	0	2	2
23539295	23541301	2	2	3	2
23541455	23543389	2	0	1	2
23543568	23546275	2	0	2	2
23546380	23546832	2	0	2	2
23550150	23550613	0	0	0	1
23550653	23550881	0	0	3	1
23550957	23551051	2	1	0	1
23551190	23551306	0	2	2	1
23581701	23583221	0	0	0	1
23583347	23583882	1	0	0	1
23583993	23585709	1	3	0	1
23586326	23586698	1	2	2	1
23586804	23606148	1	0	0	1
23606250	23612883	1	2	0	1
23613039	23614226	1	1	5	1
23614309	23614607	1	1	1	1
23657997	23658481	4	0	0	2
23658642	23658973	0	0	0	2
23659504	23661218	0	0	0	2
23661349	23663706	0	0	1	2
23663896	23665681	5	0	0	2
23665798	23667600	5	0	0	2
23682265	23691755	2	0	2	2
23691872	23694457	2	1	3	2
23716701	23726471	0	0	0	2
23734442	23736055	0	1	0	1
23740352	23740733	0	1	0	2
23740892	23741101	0	2	2	2
23741134	23741282	0	0	0	2
23741433	23746564	0	0	0	2
23762923	23763371	6	3	1	2
23763517	23765470	5	1	0	2
23771329	23772746	0	0	0	1
23772949	23783638	1	3	3	1
23783708	23783791	6	0	2	1
23783823	23784612	1	2	0	1
23784737	23788570	1	3	0	1
23788706	23789049	1	2	0	1
23789194	23792239	0	2	2	1
23792349	23794996	1	0	0	1
23795116	23796901	1	0	3	1
23796976	23798077	1	2	1	1
23920124	23921249	0	0	0	1
23934990	23936663	0	1	0	1
23936831	23939184	2	2	3	2
23936889	23938011	1	0	2	1
23938275	23939909	0	0	0	1
23939320	23941517	2	2	2	2
23946022	23946402	0	0	1	2
23946591	23946945	0	0	0	2
23947100	23952160	0	0	0	2
23956783	23959835	0	13	6	1
23967642	23968085	6	3	1	2
23968216	23970579	0	2	0	2
23972878	23974192	1	0	0	1
23974392	23976598	0	1	0	1
23976667	23976751	0	1	0	1
23976786	23984290	0	0	0	1
23984425	23984762	0	0	0	1
23984898	23987941	0	1	1	1
23988052	23990157	0	0	0	1
23990271	23992046	3	0	1	1
23992121	23993224	1	2	1	1
23993315	23994929	0	2	0	1
24045676	24046095	2	0	0	2
24051093	24051420	0	0	1	2
24078020	24079621	1	0	0	1
24081823	24083826	2	0	0	2
24083956	24085770	2	3	2	2
24085961	24087758	0	0	2	2
24087979	24090123	2	2	0	2
24104297	24104599	0	3	0	1
24142495	24144854	1	0	1	1
24144940	24146028	0	0	1	1
24146121	24150403	0	2	0	1
24150465	24156969	0	0	0	1
24157019	24157746	1	1	0	1
24168270	24169912	1	2	0	1
24170033	24170654	1	0	0	1
24170715	24170899	1	2	0	1
24170981	24171636	0	0	2	1
24171712	24172099	1	1	0	1
24172669	24172935	1	1	0	1
24172997	24174036	1	1	4	1
24174152	24174360	1	1	1	1
24179366	24182814	0	2	1	2
24183021	24183271	0	1	1	2
24183505	24186507	2	0	2	2
24190068	24191705	2	2	3	2
24196679	24204475	2	1	3	2
24204626	24206046	2	0	1	2
24209622	24209722	0	1	0	2
24209871	24209953	0	0	0	2
24210050	24210131	2	1	0	2
24210225	24210313	2	0	3	2
24210503	24210757	2	3	1	2
24210847	24211266	2	1	2	2
24211342	24212697	2	1	1	2
24212756	24213053	2	0	1	2
24213404	24213790	0	1	0	2
24213404	24214522	2	0	1	2
24213882	24214522	0	0	1	2
24214602	24214787	2	0	2	2
24214604	24214787	0	0	0	2
24214848	24215460	2	0	0	2
24232930	24238881	2	0	1	2
24278463	24278872	0	0	4	2
24278887	24283060	1	3	0	1
24279295	24279360	0	0	0	2
24283230	24291267	1	0	0	1
24396905	24397317	2	1	1	2
24397407	24397487	2	0	3	2
24397599	24400334	2	0	0	2
24400517	24402904	0	0	0	2
24403007	24403416	4	0	2	2
24485391	24486356	1	1	2	1
24495006	24495306	0	0	3	2
24570362	24597367	1	0	2	1
24597444	24599247	1	2	1	1
24599356	24606023	1	2	2	1
24607715	24617887	1	4	2	1
24617957	24618308	1	2	1	1
24618034	24618308	1	1	1	1
24618432	24621496	1	2	0	1
24621634	24626042	1	3	2	1
24626162	24628220	1	2	2	1
24626162	24631192	1	2	0	1
24628339	24631192	1	2	0	1
24631299	24631990	1	2	1	1
24632116	24638665	1	0	2	1
24638791	24638884	1	3	2	1
24638796	24638884	1	0	2	1
24659567	24659885	0	0	0	1
24692065	24692405	0	10	0	1
24764925	24768897	2	1	2	2
24768997	24773568	2	0	2	2
24773604	24774348	2	0	2	2
24774421	24784135	2	1	4	2
24774421	24788892	2	1	4	2
24784208	24786512	2	1	4	2
24784208	24788892	2	1	4	2
24786585	24788892	2	1	4	2
24788965	24791269	2	1	4	2
24788965	24793648	2	1	4	2
24791342	24793648	2	1	4	2
24793721	24796025	2	1	4	2
24793721	24798421	2	1	4	2
24796098	24798421	2	1	4	2
24798494	24800811	2	0	4	2
24800884	24803254	2	1	4	2
24803327	24804726	2	1	5	2
24804867	24804955	2	3	0	2
24805020	24805455	2	0	0	2
24805508	24806067	2	0	1	2
24806160	24806433	2	0	1	2
24806581	24813181	2	0	1	2
24834129	24840729	1	1	0	1
24840877	24841150	1	1	0	1
24841243	24841802	1	1	0	1
24841855	24842290	1	0	0	1
24842355	24842443	1	0	3	1
24842584	24851577	1	3	0	1
24842584	24854831	1	5	1	1
24851725	24851998	1	1	0	1
24852091	24852650	1	1	0	1
24852703	24853138	1	0	0	1
24853203	24853291	1	0	3	1
24853432	24854831	1	5	1	1
24854904	24857274	1	4	1	1
24857347	24859664	1	4	0	1
24857347	24864444	1	4	0	1
24859737	24862060	1	4	1	1
24862133	24864444	1	4	0	1
24864517	24866840	1	4	1	1
24864517	24883762	1	4	1	1
24866913	24869217	1	4	1	1
24869290	24871597	1	4	1	1
24869290	24893301	1	4	1	1
24869290	24895686	1	4	1	1
24871670	24873974	1	4	1	1
24874047	24883762	1	4	1	1
24874047	24895686	1	4	1	1
24883835	24886147	1	4	1	1
24883835	24893301	1	4	1	1
24886220	24888532	1	4	1	1
24886220	24895686	1	4	1	1
24888605	24890916	1	4	1	1
24888605	24895686	1	4	1	1
24890989	24893301	1	4	1	1
24893374	24895686	1	4	1	1
24895759	24896503	1	2	0	1
24896539	24901110	1	2	0	1
24901210	24905182	1	2	1	1
24977699	24978049	0	0	0	2
25010221	25010541	4	0	0	2
25031222	25031310	2	2	0	2
25031222	25031315	2	2	3	2
25031441	25037990	2	2	0	2
25038116	25038807	2	1	2	2
25038914	25041767	2	0	2	2
25038914	25043944	2	0	2	2
25041886	25043944	2	2	2	2
25044064	25048472	2	2	3	2
25048610	25051674	2	0	2	2
25051798	25052072	2	1	1	2
25051798	25052149	2	1	2	2
25052219	25062391	2	2	4	2
25064083	25070732	2	2	2	2
25070841	25072644	2	1	2	2
25072721	25099730	2	2	0	2
25174792	25175094	0	0	0	1
25183748	25184712	2	2	1	2
25266696	25267105	3	2	0	1
25267208	25269595	0	0	0	1
25269778	25272521	1	0	0	1
25272633	25272713	1	3	0	1
25272803	25273215	1	1	1	1
25378813	25378816	0	2	1	2
25378878	25386915	2	0	0	2
25387085	25391259	2	0	3	2
25387085	25394624	2	0	5	2
25391270	25391679	0	4	0	1
25431257	25437209	1	1	0	1
25454680	25455292	1	0	0	1
25455353	25455538	1	2	0	1
25455618	25456736	1	1	0	1
25457087	25457384	1	1	0	1
25457442	25458471	0	1	0	1
25458543	25458561	1	0	0	1
25458723	25458798	1	0	1	1
25458874	25459293	1	2	1	1
25459383	25459637	1	1	3	1
25459827	25459915	1	3	0	1
25460009	25460090	1	0	1	1
25460182	25460263	1	2	2	1
25460420	25460509	1	1	0	1
25464090	25465510	1	1	0	1
25465661	25473458	1	3	1	1
25478432	25480069	1	3	2	1
25483630	25486632	1	2	0	1
25486860	25487103	0	5	1	1
25495782	25495990	0	0	2	2
25496115	25497136	0	0	0	2
25497208	25497474	2	0	1	2
25498045	25498449	0	0	0	2
25498505	25499160	0	2	0	2
25499244	25499428	2	0	2	2
25499489	25500110	2	0	0	2
25500231	25501873	2	0	2	2
25512396	25513123	2	0	1	2
25513173	25519677	0	0	0	2
25519737	25524019	0	0	2	2
25524110	25525202	2	2	2	2
25525288	25527647	2	1	0	2
25565563	25565861	0	0	0	2
25579995	25582157	0	0	0	1
25582380	25584183	0	2	0	1
25584365	25586176	0	0	0	1
25586267	25588313	0	0	0	1
25590513	25592114	0	0	0	2
25618708	25619038	0	1	0	1
25624034	25624453	1	0	0	1
25675208	25676821	0	0	2	2
25676914	25678018	2	1	2	2
25678093	25679868	4	1	0	2
25679986	25682091	0	0	1	2
25682197	25685241	0	1	1	2
25685379	25685717	0	0	0	2
25685851	25693327	4	0	0	2
25693387	25693471	0	0	1	2
25693541	25695748	4	1	0	2
25695947	25697246	0	1	0	2
25699542	25701904	0	1	0	1
25702041	25702481	0	0	0	1
25710270	25713322	0	0	19	2
25723181	25723515	1	0	0	1
25723710	25724090	0	0	0	1
25728593	25730790	1	2	2	1
25730203	25731838	0	0	1	2
25730926	25733282	1	3	2	1
25732102	25733225	0	0	0	2
25733448	25735122	0	0	0	2
25748862	25749987	0	0	0	2
25872002	25873103	2	1	2	2
25873178	25874963	2	3	0	2
25875083	25877729	0	0	1	2
25877836	25880881	2	0	4	2
25881030	25881373	2	0	2	2
25881509	25897129	2	0	0	2
25897336	25898553	0	0	4	2
25904610	25906563	6	0	1	1
25906709	25907156	0	0	0	1
25923519	25928660	0	0	0	1
25928799	25928941	0	0	0	1
25928979	25929192	0	0	0	1
25929351	25929732	1	1	0	1
25934015	25935631	0	0	0	2
25943603	25953371	0	0	0	1
25975617	25978202	1	3	1	1
25978319	25987809	1	2	0	1
26002475	26004272	0	1	0	1
26004393	26006178	6	0	0	1
26006369	26008726	0	0	2	1
26011593	26012077	3	0	0	1
26055848	26057028	0	1	1	2
26057193	26063830	0	1	0	2
26063929	26083282	0	0	0	2
26083380	26083748	4	1	0	2
26084369	26086085	2	0	3	2
26086199	26086734	0	0	1	2
26086860	26088387	0	0	0	2
26123782	26124234	1	2	0	1
26124339	26127046	1	2	0	1
26127225	26129159	1	1	0	1
26129313	26131319	1	3	2	1
26131435	26132303	1	2	0	1
26132415	26132496	1	3	0	1
26132585	26133008	1	1	1	1
26198457	26208074	2	2	1	2
26277964	26279063	2	1	0	2
26279177	26279264	2	0	1	2
26279455	26281424	2	0	2	2
26281629	26291046	2	1	0	2
26291137	26328944	2	2	2	2
26329128	26332927	2	1	3	2
26333068	26333723	2	0	0	2
26333804	26335644	2	0	1	2
26335719	26337375	2	1	1	2
26337521	26338833	2	0	2	2
26338994	26348458	2	1	2	2
26348578	26354286	2	2	0	2
26400661	26400957	0	0	0	1
26409945	26414046	1	2	1	1
26414162	26414327	1	2	1	1
26414502	26418842	1	2	0	1
26418940	26420392	1	0	0	1
26508266	26515054	1	2	0	1
26515109	26515653	1	0	0	1
26515708	26525849	1	4	0	1
26525910	26532782	1	0	0	1
26532834	26534321	1	0	0	1
26534484	26540968	1	1	1	1
26541089	26542741	1	2	0	1
26542842	26542987	1	1	2	1
26543051	26543782	1	0	0	1
26543848	26556986	1	2	1	1
26557052	26557872	1	0	0	1
26557948	26558045	1	0	0	1
26558135	26564316	1	2	1	1
26564378	26566176	1	0	1	1
26566259	26569858	1	4	0	1
26569965	26571881	1	1	2	1
26571962	26575922	1	0	0	1
26576014	26577422	1	1	0	1
26577494	26579587	1	2	0	1
26586766	26587396	2	1	2	2
26587560	26591546	2	1	0	2
26595045	26600889	2	0	2	2
26601022	26611711	2	3	3	2
26611807	26614152	0	0	1	2
26614962	26615292	0	0	0	2
26615531	26621771	2	0	0	2
26621895	26622510	2	1	1	2
26622607	26623583	0	1	1	2
26623666	26627941	0	0	0	2
26628022	26628269	2	1	3	2
26628437	26630645	0	0	0	2
26630749	26633343	2	0	0	2
26633431	26634521	2	0	2	2
